bidirectional/forward_lstm/lstm_cell_1/kernel:0
(1, 1024)
[[-0.07592857  0.00016559 -0.04284312 ... -0.0228298  -0.08798262
   0.01909763]]
bidirectional/forward_lstm/lstm_cell_1/recurrent_kernel:0
(256, 1024)
[[ 0.02747577 -0.01484182  0.00496195 ...  0.00268241  0.01255601
   0.05008241]
 [ 0.00987122  0.03977994 -0.00463019 ... -0.03899107 -0.01586752
   0.01042149]
 [ 0.02978184 -0.0153938   0.05224052 ... -0.0294039   0.0063814
   0.01370109]
 ...
 [-0.00246704  0.00418381 -0.00121592 ...  0.03066692  0.02947071
  -0.04218486]
 [-0.01535884  0.01441896  0.00567824 ...  0.01233316  0.02172828
   0.03603305]
 [-0.03053766 -0.01114225 -0.04539188 ... -0.03973302 -0.03664233
  -0.01779296]]
bidirectional/forward_lstm/lstm_cell_1/bias:0
(1024,)
[-0.00403969 -0.00342267 -0.00563469 ... -0.01672279 -0.02382875
 -0.00146782]
bidirectional/backward_lstm/lstm_cell_2/kernel:0
(1, 1024)
[[ 0.08459035 -0.02917272  0.04365678 ...  0.05741278  0.05791974
   0.06574018]]
bidirectional/backward_lstm/lstm_cell_2/recurrent_kernel:0
(256, 1024)
[[-0.01780639 -0.00165374  0.00496239 ...  0.02763187 -0.0345986
   0.06686287]
 [ 0.00137306 -0.01485514 -0.0068278  ... -0.01084957  0.01209242
  -0.00763895]
 [-0.02983355  0.01778243 -0.08328866 ... -0.02611597 -0.02627997
  -0.0314198 ]
 ...
 [ 0.01934832  0.01653978  0.01614165 ... -0.01792272 -0.04728809
  -0.0588087 ]
 [ 0.01867425  0.03333238  0.03028591 ... -0.01393783  0.01930379
   0.01691901]
 [-0.02868754  0.06792501 -0.01098179 ... -0.03698095 -0.01069659
  -0.00884674]]
bidirectional/backward_lstm/lstm_cell_2/bias:0
(1024,)
[-0.00230677 -0.00040842  0.00091325 ... -0.00519439  0.00430256
  0.00607461]
bidirectional_1/forward_lstm_1/lstm_cell_4/kernel:0
(512, 1024)
[[ 0.02449944  0.0178808  -0.02932172 ...  0.02328776 -0.00092876
  -0.02794823]
 [-0.00153097  0.06754413 -0.01778332 ... -0.04344323 -0.04178343
   0.04018695]
 [ 0.03371174 -0.00832346  0.02461537 ... -0.0054613  -0.00920841
   0.02607119]
 ...
 [-0.03394435  0.01294279 -0.05361207 ... -0.0083203   0.04830295
  -0.02880113]
 [ 0.00852597  0.05466088  0.03800466 ... -0.01221743 -0.01347621
   0.02965442]
 [ 0.03837396 -0.01353608  0.02612054 ...  0.0183677  -0.04999265
   0.01456773]]
bidirectional_1/forward_lstm_1/lstm_cell_4/recurrent_kernel:0
(256, 1024)
[[-0.04148513 -0.0028179  -0.02763222 ...  0.01200939  0.0174235
   0.01533446]
 [ 0.0057232  -0.00597867 -0.02017621 ...  0.00759788  0.00332626
  -0.02020846]
 [ 0.02198574 -0.03671113  0.04621622 ...  0.01282513  0.00439369
  -0.02022187]
 ...
 [-0.02995194  0.05108369  0.0368371  ...  0.03940206 -0.00547878
   0.03313796]
 [ 0.00562199  0.03030186 -0.01791359 ...  0.02460882  0.02864594
  -0.02164715]
 [ 0.00601021  0.05063281 -0.02112531 ...  0.04823523 -0.01127818
  -0.03572651]]
bidirectional_1/forward_lstm_1/lstm_cell_4/bias:0
(1024,)
[-0.01659335 -0.04057689 -0.01306763 ... -0.05072005 -0.00965337
 -0.01128328]
bidirectional_1/backward_lstm_1/lstm_cell_5/kernel:0
(512, 1024)
[[-0.03094793  0.0474576   0.07202928 ...  0.0125723  -0.0215584
   0.02693386]
 [-0.05051653 -0.04215479  0.01863262 ...  0.04636217  0.03229632
  -0.04077363]
 [ 0.04921953 -0.02273961  0.02688399 ... -0.03511535 -0.01476645
   0.02028956]
 ...
 [ 0.04447684  0.0652484   0.01285016 ...  0.07002429  0.0312968
   0.0640672 ]
 [ 0.04218129 -0.03480893 -0.01108716 ...  0.0087795   0.00700074
  -0.04610435]
 [ 0.02504637  0.02106778 -0.00238773 ...  0.04138242 -0.06666192
   0.06407372]]
bidirectional_1/backward_lstm_1/lstm_cell_5/recurrent_kernel:0
(256, 1024)
[[-0.000882   -0.02030815  0.02065152 ...  0.00626301 -0.01172875
   0.03922555]
 [ 0.01408224 -0.04924378 -0.00050747 ... -0.00267549  0.09511688
   0.00192517]
 [ 0.0179958  -0.02609519  0.00983559 ... -0.04546732 -0.00834707
  -0.03014679]
 ...
 [ 0.01536895 -0.03894029  0.01860262 ... -0.04748214  0.00095439
  -0.05999609]
 [-0.02472622  0.02111351  0.00234687 ... -0.03577356 -0.07248221
  -0.00272363]
 [-0.02812493 -0.01950164  0.02287614 ... -0.00858234  0.00229301
   0.09873203]]
bidirectional_1/backward_lstm_1/lstm_cell_5/bias:0
(1024,)
[-0.00632279 -0.00679498 -0.01824398 ... -0.03468087 -0.02956846
 -0.0147543 ]
dense/kernel:0
(512, 1)
[[ 0.06233808]
 [-0.03859892]
 [ 0.08879104]
 [ 0.06701367]
 [ 0.05828361]
 [ 0.04321573]
 [ 0.07757614]
 [-0.05354049]
 [ 0.04975364]
 [ 0.09010366]
 [ 0.05497026]
 [-0.10254823]
 [ 0.05136766]
 [-0.06899999]
 [ 0.04568944]
 [ 0.02519508]
 [-0.06381051]
 [ 0.05771907]
 [-0.03819034]
 [-0.05623014]
 [ 0.05410393]
 [ 0.06044386]
 [ 0.05504367]
 [ 0.051278  ]
 [-0.08948842]
 [ 0.04519302]
 [ 0.07089649]
 [ 0.04115258]
 [ 0.03878739]
 [ 0.04851629]
 [-0.04794897]
 [-0.05002546]
 [-0.09000999]
 [ 0.04303698]
 [-0.0310389 ]
 [-0.07420322]
 [ 0.09601451]
 [ 0.07267419]
 [ 0.08847087]
 [-0.05209728]
 [-0.04347718]
 [-0.08372776]
 [ 0.04050662]
 [-0.04271482]
 [-0.03930182]
 [ 0.0754035 ]
 [ 0.03197355]
 [ 0.02888804]
 [-0.05703455]
 [ 0.05594705]
 [-0.06716245]
 [ 0.05610356]
 [ 0.0445089 ]
 [ 0.04903638]
 [-0.04242202]
 [-0.07038207]
 [ 0.03827358]
 [ 0.04383574]
 [ 0.07426491]
 [ 0.04604995]
 [ 0.09269471]
 [ 0.0372913 ]
 [ 0.06199973]
 [ 0.03880139]
 [ 0.09557269]
 [ 0.04955269]
 [-0.04914188]
 [-0.04314337]
 [-0.03281514]
 [-0.04505459]
 [-0.08175853]
 [-0.07307225]
 [-0.03720479]
 [-0.08142186]
 [-0.039529  ]
 [-0.07866954]
 [-0.05849278]
 [-0.06406971]
 [-0.07912193]
 [-0.06311908]
 [-0.07962254]
 [-0.0336525 ]
 [ 0.07808012]
 [ 0.07079378]
 [ 0.08498459]
 [-0.07832446]
 [-0.09974899]
 [-0.08747347]
 [ 0.07820094]
 [ 0.03485797]
 [ 0.07630191]
 [ 0.082014  ]
 [ 0.04174621]
 [-0.10642155]
 [ 0.04817907]
 [-0.08767702]
 [-0.06185442]
 [ 0.06250763]
 [-0.09770753]
 [-0.08413481]
 [-0.09913944]
 [-0.05113018]
 [-0.0603721 ]
 [ 0.0480476 ]
 [ 0.08399163]
 [-0.07605745]
 [-0.0539499 ]
 [ 0.05043404]
 [-0.08516616]
 [ 0.07275256]
 [ 0.07300483]
 [-0.06957483]
 [-0.08969365]
 [-0.03588389]
 [-0.08533577]
 [ 0.08067799]
 [ 0.03215748]
 [-0.0288088 ]
 [ 0.04057886]
 [-0.07321685]
 [ 0.07171635]
 [-0.07156035]
 [ 0.06928942]
 [ 0.0849999 ]
 [-0.03970604]
 [ 0.04420458]
 [ 0.06031865]
 [-0.0948824 ]
 [-0.0353999 ]
 [-0.08402832]
 [-0.0459718 ]
 [-0.0710388 ]
 [-0.07212993]
 [ 0.06526832]
 [-0.08999535]
 [-0.06000936]
 [ 0.05844384]
 [ 0.03763634]
 [-0.08743446]
 [-0.09474365]
 [ 0.05061718]
 [-0.08328503]
 [ 0.07573564]
 [-0.06144826]
 [-0.04599679]
 [-0.09404229]
 [ 0.07841393]
 [-0.07889544]
 [ 0.10222422]
 [ 0.0652776 ]
 [-0.03003993]
 [-0.08557805]
 [ 0.06667919]
 [ 0.05977163]
 [-0.05527914]
 [ 0.10173066]
 [ 0.08322261]
 [ 0.04632394]
 [ 0.06146921]
 [ 0.08226984]
 [-0.07806241]
 [ 0.10250989]
 [ 0.00798628]
 [-0.04480935]
 [-0.08295833]
 [ 0.05375098]
 [ 0.06144416]
 [-0.0728102 ]
 [-0.02182568]
 [ 0.04855014]
 [-0.03811443]
 [-0.0422993 ]
 [-0.06582391]
 [ 0.04604054]
 [-0.05187312]
 [ 0.06618171]
 [-0.06380166]
 [-0.08537182]
 [ 0.08223185]
 [-0.07501097]
 [-0.08896887]
 [-0.0715289 ]
 [-0.03136686]
 [-0.07486175]
 [-0.06246667]
 [-0.09488399]
 [ 0.08044828]
 [ 0.06073335]
 [-0.04224966]
 [-0.05389858]
 [ 0.05433941]
 [-0.05945332]
 [ 0.05946902]
 [ 0.09434713]
 [-0.04142319]
 [-0.08968236]
 [ 0.06564332]
 [-0.0338886 ]
 [-0.09480937]
 [-0.09335939]
 [-0.06809671]
 [ 0.04334165]
 [-0.06978363]
 [ 0.07811102]
 [ 0.08474807]
 [ 0.09276151]
 [-0.07939599]
 [ 0.08575406]
 [-0.09223059]
 [ 0.04356084]
 [-0.05453094]
 [-0.09145023]
 [ 0.04053786]
 [-0.08394992]
 [ 0.0461044 ]
 [-0.07201429]
 [ 0.03670508]
 [-0.03631523]
 [-0.04722226]
 [-0.04518353]
 [ 0.03200881]
 [-0.09572037]
 [-0.0391486 ]
 [ 0.07974069]
 [-0.07306454]
 [-0.04602095]
 [-0.06807179]
 [-0.07459799]
 [-0.06054666]
 [ 0.07900247]
 [-0.08072364]
 [ 0.05386073]
 [ 0.07507915]
 [ 0.08647177]
 [-0.07666174]
 [ 0.08085501]
 [ 0.0447462 ]
 [ 0.04830312]
 [-0.04155957]
 [-0.10120533]
 [-0.05552379]
 [ 0.06676076]
 [-0.04089867]
 [-0.06750018]
 [ 0.05487422]
 [ 0.04687845]
 [ 0.05263501]
 [-0.09125794]
 [-0.04742995]
 [ 0.03880597]
 [-0.07114941]
 [ 0.07566664]
 [-0.0462897 ]
 [-0.03779419]
 [-0.040982  ]
 [-0.08200999]
 [-0.09154762]
 [-0.03510967]
 [-0.01799021]
 [ 0.04751309]
 [-0.06101801]
 [ 0.03197867]
 [-0.085775  ]
 [-0.01499777]
 [-0.03288483]
 [ 0.03732867]
 [ 0.05279098]
 [ 0.05573042]
 [-0.07707025]
 [-0.09062815]
 [ 0.04172834]
 [-0.0751408 ]
 [ 0.02655399]
 [ 0.02843533]
 [-0.02568242]
 [-0.09099294]
 [ 0.05283134]
 [ 0.03317799]
 [ 0.08802194]
 [-0.08173627]
 [ 0.0775875 ]
 [ 0.06131523]
 [-0.06857536]
 [ 0.05454172]
 [ 0.03753535]
 [-0.05778231]
 [ 0.06437735]
 [ 0.08060782]
 [ 0.04681053]
 [ 0.03434891]
 [ 0.03885031]
 [ 0.07341164]
 [ 0.02640845]
 [-0.08467499]
 [ 0.05789044]
 [-0.01884161]
 [ 0.02597853]
 [-0.01150293]
 [-0.07624147]
 [-0.02697091]
 [ 0.07022295]
 [-0.03836725]
 [-0.06008065]
 [-0.07063573]
 [ 0.05332422]
 [ 0.05959653]
 [ 0.04472733]
 [ 0.0233115 ]
 [ 0.07382623]
 [ 0.05432532]
 [ 0.07872283]
 [ 0.05939675]
 [-0.0717587 ]
 [-0.05994022]
 [ 0.05182843]
 [-0.03149095]
 [ 0.02787093]
 [-0.00200625]
 [-0.00081405]
 [-0.01754205]
 [-0.03437106]
 [-0.04692843]
 [-0.01468804]
 [-0.08558147]
 [ 0.01230121]
 [-0.06190248]
 [ 0.05606687]
 [-0.02494897]
 [-0.02573041]
 [-0.08131882]
 [ 0.03928428]
 [-0.01421087]
 [ 0.04245818]
 [ 0.06126903]
 [ 0.07134348]
 [ 0.0353554 ]
 [-0.02203944]
 [ 0.06138707]
 [-0.03930811]
 [-0.03504508]
 [ 0.05305653]
 [ 0.07283692]
 [-0.0653044 ]
 [-0.08302417]
 [ 0.06583221]
 [-0.05449731]
 [-0.05313018]
 [-0.06196239]
 [-0.0491762 ]
 [ 0.06160045]
 [ 0.06910827]
 [-0.00449572]
 [-0.04820172]
 [-0.06163115]
 [ 0.07811946]
 [-0.03610877]
 [-0.06760632]
 [-0.0694532 ]
 [-0.03008918]
 [-0.05719794]
 [-0.03336   ]
 [ 0.04628512]
 [ 0.08168488]
 [-0.08076579]
 [-0.04235594]
 [ 0.08630425]
 [-0.04443463]
 [-0.0645278 ]
 [ 0.06055877]
 [-0.08966521]
 [-0.0059384 ]
 [ 0.0260055 ]
 [-0.03516232]
 [ 0.05854936]
 [ 0.04978066]
 [ 0.04128295]
 [ 0.05905154]
 [ 0.01908344]
 [-0.02127307]
 [ 0.02419575]
 [-0.03436201]
 [ 0.02912438]
 [ 0.03461611]
 [ 0.01393855]
 [-0.04578415]
 [ 0.07012547]
 [-0.02397025]
 [-0.03780167]
 [ 0.03862548]
 [-0.02038671]
 [ 0.03427235]
 [ 0.08060091]
 [ 0.07884059]
 [-0.05442592]
 [-0.03338328]
 [-0.09225045]
 [-0.04712358]
 [ 0.0341815 ]
 [-0.0661089 ]
 [-0.01791951]
 [-0.0428138 ]
 [ 0.03498164]
 [-0.07863276]
 [ 0.03518992]
 [ 0.03515974]
 [ 0.00994275]
 [-0.06772257]
 [-0.0230065 ]
 [ 0.04807737]
 [-0.05066415]
 [ 0.0101163 ]
 [ 0.03874915]
 [ 0.01591183]
 [-0.04532335]
 [ 0.07335801]
 [-0.04527109]
 [ 0.04076068]
 [-0.04847293]
 [-0.04839746]
 [ 0.09467612]
 [ 0.0249125 ]
 [ 0.02434471]
 [ 0.07815579]
 [ 0.02868636]
 [ 0.06012562]
 [-0.00891905]
 [ 0.05920625]
 [ 0.02241117]
 [-0.08513937]
 [ 0.02760828]
 [ 0.04199182]
 [ 0.02645863]
 [ 0.02156329]
 [ 0.06351205]
 [-0.04306072]
 [-0.02603974]
 [-0.09315248]
 [-0.01948008]
 [ 0.08682048]
 [-0.07997797]
 [ 0.04383379]
 [ 0.0347951 ]
 [-0.00957067]
 [-0.03439442]
 [ 0.03599145]
 [ 0.0607858 ]
 [-0.03750283]
 [-0.02021494]
 [-0.01735097]
 [-0.03211087]
 [ 0.07197744]
 [-0.03640058]
 [-0.07555018]
 [-0.02058598]
 [ 0.08278031]
 [-0.05002056]
 [-0.04433134]
 [ 0.09296954]
 [-0.03135873]
 [-0.01777381]
 [-0.07324943]
 [-0.06335197]
 [ 0.03258459]
 [ 0.01370365]
 [ 0.05864863]
 [-0.0449194 ]
 [-0.06729595]
 [-0.06846171]
 [-0.06739879]
 [ 0.08265113]
 [-0.00471174]
 [ 0.07904369]
 [-0.02513314]
 [ 0.0231117 ]
 [ 0.0589554 ]
 [-0.01199189]
 [-0.03399255]
 [-0.0348107 ]
 [-0.03248738]
 [ 0.06231114]
 [ 0.01838636]
 [-0.02406067]
 [ 0.03352032]
 [ 0.00575319]
 [-0.0710407 ]
 [ 0.0355    ]
 [-0.02794852]
 [-0.05189674]
 [ 0.03365206]
 [ 0.08502018]
 [ 0.02769764]
 [ 0.02798275]
 [-0.02341795]
 [-0.03518054]
 [ 0.07568746]
 [-0.0609852 ]
 [-0.06262153]
 [ 0.02979093]
 [ 0.03093892]
 [ 0.00105439]
 [ 0.06414202]
 [ 0.04973713]
 [ 0.01119474]
 [ 0.01853128]
 [-0.00213794]
 [-0.050936  ]
 [ 0.05508852]
 [-0.04973196]
 [-0.03382822]
 [ 0.03953745]
 [-0.05360307]
 [-0.06957998]]
dense/bias:0
(1,)
[0.05619729]
