bidirectional_6/forward_lstm_6/lstm_cell_19/kernel:0
(1, 1024)
[[-0.2953942  -0.21787336  0.04728222 ... -0.06108089 -0.12204126
  -0.03038245]]
bidirectional_6/forward_lstm_6/lstm_cell_19/recurrent_kernel:0
(256, 1024)
[[ 0.00726184 -0.04576127  0.05531569 ...  0.05770063  0.01765868
  -0.01652407]
 [ 0.01741452  0.04479888 -0.02423661 ...  0.02956203  0.06139254
  -0.01399493]
 [ 0.02739041  0.03138766  0.02745532 ...  0.00283373  0.0381908
   0.01691144]
 ...
 [ 0.02840936 -0.01774065  0.00911799 ... -0.03317122  0.04021501
   0.0220745 ]
 [-0.01805409  0.04905778 -0.06368914 ...  0.02969143 -0.01068899
  -0.01380995]
 [ 0.02867254  0.02857497  0.0406058  ... -0.02594077  0.01199379
  -0.03360889]]
bidirectional_6/forward_lstm_6/lstm_cell_19/bias:0
(1024,)
[-0.38277206 -0.28419918 -0.17376167 ... -0.2496153  -0.20221432
 -0.15959165]
bidirectional_6/backward_lstm_6/lstm_cell_20/kernel:0
(1, 1024)
[[-0.01831503  0.04662592 -0.09489106 ... -0.05804714  0.14310688
   0.13453513]]
bidirectional_6/backward_lstm_6/lstm_cell_20/recurrent_kernel:0
(256, 1024)
[[-0.02319147 -0.03743443 -0.01646456 ... -0.02716615  0.04622596
   0.00558522]
 [ 0.03792984  0.0232054  -0.00506609 ...  0.07920834 -0.04950301
  -0.00120544]
 [-0.07389217 -0.05846679 -0.02310548 ... -0.12084444  0.01660091
  -0.0299305 ]
 ...
 [ 0.02393456  0.02392242  0.03606078 ...  0.08134331  0.01035698
   0.01115632]
 [ 0.0633588   0.00680717  0.01086274 ...  0.03922595  0.04790008
   0.00646386]
 [ 0.00864152  0.02573615  0.01475032 ...  0.00254806  0.00129905
   0.02223613]]
bidirectional_6/backward_lstm_6/lstm_cell_20/bias:0
(1024,)
[-0.07687865 -0.1202098  -0.06793711 ... -0.11686724 -0.04502985
 -0.09060912]
bidirectional_7/forward_lstm_7/lstm_cell_22/kernel:0
(512, 1024)
[[ 0.01581309  0.05900451  0.03766906 ... -0.03644743  0.01889127
  -0.02096398]
 [-0.04796685  0.02825982 -0.02506304 ... -0.01663112  0.01181679
   0.01253506]
 [-0.03788361 -0.05661313  0.02893008 ... -0.025747   -0.03904733
  -0.023133  ]
 ...
 [ 0.01617235  0.08473553  0.02536022 ...  0.02180709  0.03540377
  -0.0281203 ]
 [-0.00023521 -0.03743512  0.0273307  ...  0.06475274  0.04547018
  -0.05402457]
 [ 0.01260736  0.00420525  0.0598735  ... -0.00593861  0.06510505
  -0.00303508]]
bidirectional_7/forward_lstm_7/lstm_cell_22/recurrent_kernel:0
(256, 1024)
[[ 0.11858433  0.06156071  0.00978115 ...  0.03212781  0.07641067
   0.00322806]
 [ 0.00413941 -0.0680019  -0.02024014 ...  0.02020841 -0.01983128
  -0.01037996]
 [ 0.11031846  0.02036378  0.06432599 ... -0.01656326  0.05807894
   0.02951143]
 ...
 [-0.0697544   0.08689968  0.00807777 ...  0.13294536  0.03835161
   0.06769451]
 [-0.06692839 -0.02899665 -0.08764199 ... -0.03686824 -0.03616552
  -0.03870903]
 [-0.01670812 -0.01626315  0.01798878 ... -0.03149502  0.03242594
   0.0869104 ]]
bidirectional_7/forward_lstm_7/lstm_cell_22/bias:0
(1024,)
[-0.13991989 -0.1567433  -0.1550643  ... -0.14381836 -0.10924744
 -0.15399703]
bidirectional_7/backward_lstm_7/lstm_cell_23/kernel:0
(512, 1024)
[[-0.02369143 -0.06305837  0.02961667 ... -0.06104145  0.03129273
   0.01610176]
 [-0.02844719 -0.03335589 -0.02580056 ... -0.01595564 -0.04978993
   0.04533344]
 [ 0.06944735 -0.02709273 -0.02099581 ...  0.01001167  0.0505197
  -0.02161649]
 ...
 [ 0.06418393  0.07779684  0.01347507 ... -0.00412205 -0.0218071
   0.04572465]
 [ 0.02814023  0.00286098 -0.02439245 ... -0.01695468 -0.08373953
   0.03250891]
 [ 0.00882747 -0.06412876  0.02204121 ...  0.02072619 -0.05005942
  -0.00619202]]
bidirectional_7/backward_lstm_7/lstm_cell_23/recurrent_kernel:0
(256, 1024)
[[ 0.03366668  0.03667116  0.04278833 ...  0.04511635  0.06319059
   0.0751757 ]
 [ 0.04333763  0.05228826  0.04569705 ...  0.06727444  0.01161875
   0.06902812]
 [-0.06390583 -0.01081636 -0.05463391 ...  0.00933257 -0.13540114
  -0.10094719]
 ...
 [-0.0048476   0.03308749  0.00624818 ...  0.06858079  0.00781982
  -0.00026302]
 [-0.0053298  -0.05804579 -0.04512091 ... -0.03371556 -0.12007615
  -0.02760588]
 [ 0.01248035 -0.00584976 -0.01772215 ... -0.00318994 -0.00655442
   0.08188736]]
bidirectional_7/backward_lstm_7/lstm_cell_23/bias:0
(1024,)
[-0.12913269 -0.11031131 -0.22096866 ... -0.20887066 -0.22129083
 -0.28721657]
dense_3/kernel:0
(512, 1)
[[-0.03618749]
 [ 0.03517836]
 [-0.02476894]
 [-0.02932092]
 [ 0.02320267]
 [-0.03764111]
 [-0.03515671]
 [-0.02683712]
 [-0.03580254]
 [ 0.03853706]
 [-0.02964891]
 [-0.04278798]
 [ 0.04818087]
 [-0.0359103 ]
 [-0.04207809]
 [ 0.03676943]
 [-0.02888745]
 [-0.03749693]
 [-0.04172603]
 [ 0.03502782]
 [-0.03206755]
 [ 0.03968995]
 [-0.03715262]
 [-0.02758008]
 [ 0.05103054]
 [-0.02698798]
 [ 0.02943236]
 [-0.0453198 ]
 [-0.02875428]
 [-0.03252435]
 [ 0.02423377]
 [ 0.03739981]
 [ 0.0274393 ]
 [-0.04263046]
 [ 0.03666715]
 [-0.04200955]
 [-0.04276543]
 [ 0.02757167]
 [ 0.04285159]
 [-0.03652685]
 [ 0.02845212]
 [ 0.03642777]
 [ 0.04026557]
 [-0.0406258 ]
 [ 0.03106493]
 [ 0.03544523]
 [-0.02895717]
 [-0.03774589]
 [ 0.03209905]
 [-0.03789067]
 [ 0.02510411]
 [-0.03292362]
 [-0.03029197]
 [ 0.03490302]
 [ 0.03722493]
 [-0.02945242]
 [ 0.03013834]
 [ 0.0336259 ]
 [ 0.04063637]
 [ 0.03988389]
 [-0.02812728]
 [-0.04292619]
 [-0.03386706]
 [-0.03211558]
 [ 0.02477545]
 [-0.03465077]
 [ 0.03252697]
 [-0.02484629]
 [-0.03757312]
 [ 0.02935869]
 [ 0.0361193 ]
 [-0.03696032]
 [ 0.02745953]
 [ 0.04693381]
 [ 0.03212941]
 [-0.03062696]
 [-0.03859051]
 [ 0.03621091]
 [-0.03019928]
 [-0.04480821]
 [-0.03624123]
 [ 0.03760967]
 [ 0.03500906]
 [-0.02995059]
 [-0.04113626]
 [-0.02514937]
 [-0.03221447]
 [-0.03771784]
 [ 0.0443676 ]
 [-0.04178118]
 [ 0.03482109]
 [-0.0351693 ]
 [ 0.03853068]
 [ 0.03843701]
 [-0.0291553 ]
 [-0.03832366]
 [-0.03186109]
 [ 0.03044379]
 [-0.03921855]
 [-0.04056834]
 [ 0.04310869]
 [-0.03716149]
 [-0.03229233]
 [-0.0304544 ]
 [-0.03038411]
 [-0.03184014]
 [-0.0345775 ]
 [-0.03426834]
 [-0.0278236 ]
 [ 0.01941771]
 [ 0.04042761]
 [-0.03934729]
 [-0.03754415]
 [ 0.02629492]
 [-0.04180989]
 [-0.04736255]
 [ 0.03537311]
 [-0.03275301]
 [ 0.02898792]
 [-0.03499144]
 [ 0.04028092]
 [ 0.02236866]
 [ 0.03987751]
 [ 0.03348983]
 [-0.03174611]
 [-0.03053266]
 [ 0.0346621 ]
 [-0.03477174]
 [-0.03353056]
 [ 0.02962731]
 [ 0.03025692]
 [ 0.03456871]
 [-0.03055518]
 [ 0.03178221]
 [-0.02550309]
 [-0.03421212]
 [ 0.03038525]
 [ 0.03673723]
 [ 0.03985627]
 [-0.02875107]
 [ 0.03385528]
 [-0.0468711 ]
 [-0.04942435]
 [-0.03654349]
 [-0.0333226 ]
 [ 0.04200177]
 [-0.02571278]
 [ 0.03923994]
 [ 0.03512548]
 [ 0.04102506]
 [-0.03866958]
 [ 0.03581896]
 [ 0.03820496]
 [-0.02792494]
 [-0.03737794]
 [-0.03380079]
 [-0.02769919]
 [ 0.04023858]
 [ 0.03698848]
 [-0.03237215]
 [ 0.03575736]
 [ 0.04327678]
 [ 0.03187868]
 [ 0.04345919]
 [-0.03605211]
 [-0.03306659]
 [-0.03395304]
 [-0.03983516]
 [-0.01881694]
 [-0.03794569]
 [-0.03637234]
 [ 0.02887204]
 [-0.03714754]
 [ 0.03210282]
 [ 0.03925422]
 [-0.0423749 ]
 [-0.03395075]
 [-0.03914069]
 [-0.04464633]
 [ 0.03020479]
 [-0.04002569]
 [-0.02727327]
 [-0.02685774]
 [-0.04698876]
 [ 0.03540148]
 [-0.03936185]
 [-0.03768457]
 [-0.02439448]
 [ 0.04038145]
 [-0.03678795]
 [ 0.03067818]
 [-0.035684  ]
 [-0.0415493 ]
 [ 0.04186093]
 [-0.03219672]
 [-0.0269622 ]
 [ 0.03724061]
 [ 0.03068607]
 [-0.03378982]
 [-0.03834568]
 [-0.02689897]
 [ 0.0346361 ]
 [-0.03801244]
 [-0.0377724 ]
 [ 0.03321443]
 [ 0.03618582]
 [-0.03685831]
 [ 0.04121144]
 [ 0.03193152]
 [-0.03555987]
 [-0.03737463]
 [ 0.02827271]
 [-0.03292543]
 [-0.04074439]
 [ 0.03629678]
 [-0.02652075]
 [ 0.03349848]
 [ 0.03710664]
 [-0.03894133]
 [ 0.0267296 ]
 [-0.03867581]
 [-0.04259914]
 [ 0.02964914]
 [-0.03426046]
 [-0.03318966]
 [ 0.0275061 ]
 [-0.03763217]
 [ 0.02618397]
 [-0.0312051 ]
 [-0.02990923]
 [ 0.04661914]
 [ 0.03527338]
 [ 0.03887039]
 [ 0.03447826]
 [-0.03604802]
 [-0.03329431]
 [-0.03547274]
 [-0.02889695]
 [-0.05320134]
 [ 0.0343951 ]
 [ 0.03451167]
 [ 0.04424901]
 [ 0.0271807 ]
 [ 0.03115329]
 [-0.03889382]
 [ 0.03551307]
 [ 0.04188523]
 [ 0.03730393]
 [-0.02829299]
 [ 0.0362199 ]
 [-0.03137968]
 [ 0.03053628]
 [ 0.02768253]
 [-0.02509914]
 [ 0.0376789 ]
 [-0.03124172]
 [-0.01935101]
 [ 0.00794805]
 [ 0.00975199]
 [ 0.01272344]
 [-0.00934209]
 [-0.01515546]
 [ 0.01866342]
 [-0.0265723 ]
 [ 0.01995711]
 [ 0.01904711]
 [ 0.01613088]
 [ 0.01253506]
 [ 0.01746603]
 [-0.01819408]
 [ 0.01427753]
 [ 0.00702651]
 [-0.0159126 ]
 [ 0.01340515]
 [ 0.01819698]
 [-0.00691286]
 [-0.02491512]
 [-0.00336212]
 [ 0.01954745]
 [-0.00795782]
 [ 0.02671406]
 [ 0.01623264]
 [ 0.00043788]
 [ 0.00765539]
 [ 0.02811432]
 [-0.00901859]
 [ 0.01746951]
 [ 0.01207665]
 [-0.01415149]
 [ 0.02125309]
 [-0.01431663]
 [ 0.01505434]
 [ 0.01183056]
 [ 0.01017821]
 [-0.0054977 ]
 [ 0.02285328]
 [ 0.02343631]
 [ 0.01101123]
 [ 0.00987256]
 [ 0.00838918]
 [ 0.01186949]
 [ 0.01469349]
 [-0.01539402]
 [ 0.0109497 ]
 [ 0.00976867]
 [-0.00536585]
 [ 0.02488553]
 [ 0.01460991]
 [-0.01630976]
 [ 0.0130919 ]
 [-0.02285369]
 [ 0.02254977]
 [ 0.02102834]
 [ 0.01492099]
 [-0.01561974]
 [ 0.0271841 ]
 [-0.01020389]
 [-0.01860259]
 [-0.01360387]
 [-0.01265411]
 [ 0.01857632]
 [ 0.02226928]
 [ 0.00222475]
 [-0.02365192]
 [-0.00664419]
 [ 0.01441153]
 [ 0.01757292]
 [-0.00719689]
 [ 0.01403258]
 [-0.02854889]
 [ 0.02356699]
 [-0.00597882]
 [-0.00084635]
 [-0.00325678]
 [-0.01516672]
 [ 0.01998606]
 [ 0.00615933]
 [-0.02097156]
 [-0.01293025]
 [ 0.01232055]
 [ 0.0027822 ]
 [ 0.01268948]
 [-0.01525635]
 [ 0.01420861]
 [ 0.01220739]
 [-0.00587047]
 [ 0.01303177]
 [ 0.01497033]
 [ 0.0099639 ]
 [ 0.0199831 ]
 [-0.02510475]
 [-0.01156508]
 [ 0.01186508]
 [ 0.01173464]
 [-0.01371325]
 [ 0.02180311]
 [-0.0151105 ]
 [-0.01818687]
 [ 0.0105542 ]
 [ 0.01334544]
 [ 0.00918386]
 [ 0.01542564]
 [-0.01549473]
 [-0.00882028]
 [-0.02695664]
 [ 0.00990565]
 [-0.01741492]
 [-0.0121743 ]
 [-0.00820237]
 [ 0.01967715]
 [-0.00224144]
 [-0.00455861]
 [ 0.00570426]
 [ 0.01201983]
 [-0.02331897]
 [-0.01800401]
 [ 0.01479962]
 [-0.03015715]
 [-0.01313061]
 [-0.0217813 ]
 [-0.00556421]
 [-0.00598138]
 [-0.02546424]
 [-0.00724912]
 [-0.00998075]
 [ 0.01712209]
 [ 0.00536501]
 [ 0.00163264]
 [ 0.01209201]
 [-0.0168677 ]
 [-0.01863819]
 [ 0.01542547]
 [-0.02663157]
 [ 0.0117829 ]
 [-0.0082003 ]
 [-0.02447572]
 [ 0.01889772]
 [ 0.01187131]
 [ 0.01324356]
 [-0.01300228]
 [-0.0180487 ]
 [ 0.01370102]
 [ 0.02835694]
 [-0.00528172]
 [ 0.01260636]
 [-0.0265556 ]
 [ 0.01496718]
 [-0.0329696 ]
 [-0.0164268 ]
 [ 0.01874467]
 [ 0.02345323]
 [ 0.0040055 ]
 [-0.01745933]
 [-0.0192471 ]
 [ 0.00601148]
 [-0.01406537]
 [ 0.02460371]
 [ 0.01610424]
 [-0.00201612]
 [ 0.00077886]
 [ 0.00787617]
 [ 0.00859674]
 [-0.009731  ]
 [-0.00843573]
 [ 0.01476135]
 [-0.01974819]
 [ 0.00672963]
 [ 0.0160059 ]
 [-0.01521114]
 [-0.00105462]
 [ 0.01725582]
 [ 0.01296305]
 [ 0.0159174 ]
 [-0.0166565 ]
 [ 0.00800343]
 [ 0.01383564]
 [-0.00580075]
 [-0.01446006]
 [ 0.00050123]
 [-0.01273433]
 [ 0.01249342]
 [ 0.01474721]
 [ 0.01384716]
 [-0.00905713]
 [-0.02038042]
 [ 0.00045897]
 [-0.01361953]
 [ 0.01753662]
 [ 0.01456091]
 [-0.01963548]
 [-0.02636333]
 [ 0.01126534]
 [ 0.00754421]
 [ 0.0075292 ]
 [ 0.01808435]
 [-0.01195138]
 [ 0.01280296]
 [ 0.02058048]
 [ 0.00929902]
 [ 0.02360776]
 [-0.01320998]
 [-0.02084255]
 [ 0.02509009]
 [ 0.02130622]
 [-0.01432426]
 [-0.00951014]
 [-0.0105633 ]
 [-0.01854446]
 [ 0.00838022]
 [-0.00375392]
 [ 0.01545827]
 [ 0.01958925]
 [ 0.00128464]
 [ 0.01359828]
 [-0.00811966]
 [-0.01527974]
 [-0.01819737]
 [-0.01773101]
 [-0.02060929]
 [ 0.02278599]
 [-0.01146383]
 [ 0.01933439]
 [ 0.02031417]
 [-0.01706427]
 [ 0.00526088]
 [ 0.01805574]
 [-0.01370086]
 [ 0.01625999]
 [ 0.01501191]
 [-0.02493295]
 [ 0.0084853 ]
 [ 0.011909  ]
 [-0.00622737]
 [ 0.00245543]
 [-0.02366647]
 [ 0.02356702]
 [-0.0102971 ]
 [ 0.00932447]
 [-0.01085064]
 [ 0.01979143]
 [-0.00549622]
 [-0.01065348]
 [-0.00885337]
 [-0.0079029 ]
 [ 0.0058471 ]
 [ 0.01506177]
 [ 0.01478851]
 [-0.00844608]
 [ 0.00919457]
 [-0.02050538]
 [ 0.0117551 ]
 [-0.02205571]]
dense_3/bias:0
(1,)
[0.2265438]
