bidirectional_8/forward_lstm_8/lstm_cell_25/kernel:0
(1, 1024)
[[-0.15361801 -0.2560684  -0.31695563 ... -0.12228467 -0.1675195
  -0.13808413]]
bidirectional_8/forward_lstm_8/lstm_cell_25/recurrent_kernel:0
(256, 1024)
[[ 0.03946833  0.05412993  0.00975163 ...  0.02956943  0.03375312
   0.00470043]
 [ 0.01283592 -0.09443942 -0.06262633 ...  0.01687134 -0.02319505
   0.00034685]
 [ 0.02718545 -0.00090615 -0.04081405 ... -0.04017816  0.03887498
   0.00274749]
 ...
 [ 0.00180042  0.00264578  0.02571636 ... -0.01796061 -0.02010631
   0.00528711]
 [ 0.02036666  0.05572768 -0.01185542 ... -0.01465912 -0.00202964
  -0.04337253]
 [-0.05119983  0.03425615 -0.0016821  ...  0.03428204 -0.02485304
  -0.02456922]]
bidirectional_8/forward_lstm_8/lstm_cell_25/bias:0
(1024,)
[-0.29949114 -0.44077912 -0.49329054 ... -0.31491953 -0.25175238
 -0.28923428]
bidirectional_8/backward_lstm_8/lstm_cell_26/kernel:0
(1, 1024)
[[0.2207752  0.11643961 0.16349058 ... 0.00493788 0.1441398  0.13931759]]
bidirectional_8/backward_lstm_8/lstm_cell_26/recurrent_kernel:0
(256, 1024)
[[-0.04726802 -0.03196545  0.05208049 ...  0.05198939  0.0196531
   0.07702931]
 [-0.02973564 -0.01335713 -0.03609189 ... -0.04405577 -0.02059752
   0.01996605]
 [-0.01812292 -0.03449255  0.1112481  ...  0.09439289  0.05749719
  -0.02138048]
 ...
 [ 0.02477173  0.02312401  0.10375194 ...  0.03549849  0.06417091
   0.01924168]
 [ 0.00130077  0.07952397 -0.02525557 ... -0.0495251  -0.00047168
  -0.02793214]
 [ 0.01039517 -0.0525601   0.0850735  ...  0.02216971  0.08899009
   0.02144427]]
bidirectional_8/backward_lstm_8/lstm_cell_26/bias:0
(1024,)
[-0.06069018 -0.13412562 -0.06908073 ... -0.09437906 -0.04897423
 -0.07538751]
bidirectional_9/forward_lstm_9/lstm_cell_28/kernel:0
(512, 1024)
[[ 0.02916458 -0.027423    0.04642438 ... -0.10346825  0.07352585
  -0.08345273]
 [ 0.02825622  0.01594798  0.04449999 ...  0.06097483 -0.05656883
  -0.05084206]
 [ 0.06709167  0.03305155 -0.01576942 ...  0.03898768  0.00639914
   0.01088661]
 ...
 [ 0.07881396 -0.04354668  0.00144708 ... -0.02744161  0.02383722
   0.00881938]
 [-0.11667674 -0.07246859 -0.0641529  ... -0.13516523 -0.0520012
  -0.11374233]
 [ 0.02636678  0.01578937  0.04851986 ...  0.00094498 -0.00098621
  -0.00256119]]
bidirectional_9/forward_lstm_9/lstm_cell_28/recurrent_kernel:0
(256, 1024)
[[ 0.18366566 -0.02926226  0.05898159 ...  0.00552402  0.03123163
   0.00113641]
 [ 0.03229795  0.07720131  0.10300225 ...  0.07976224  0.00373833
   0.01789117]
 [ 0.02949477  0.01656585  0.06453709 ...  0.06235382  0.00295141
   0.00595284]
 ...
 [-0.0948172   0.02947757 -0.01292305 ... -0.07676551 -0.08152124
  -0.08899689]
 [-0.04366657  0.00836224 -0.10114169 ... -0.04048304 -0.13454443
  -0.01142162]
 [-0.02022075  0.05647171  0.02654055 ... -0.02362173 -0.00933284
   0.12059484]]
bidirectional_9/forward_lstm_9/lstm_cell_28/bias:0
(1024,)
[-0.19911163 -0.18419266 -0.22498551 ... -0.19749244 -0.21880656
 -0.23899113]
bidirectional_9/backward_lstm_9/lstm_cell_29/kernel:0
(512, 1024)
[[ 0.03382109  0.02597575  0.04491535 ... -0.04804029  0.04384092
  -0.00540331]
 [ 0.0456003   0.0175971   0.05485363 ...  0.04502446 -0.04141375
   0.00806537]
 [-0.02851991 -0.00740521 -0.03690285 ...  0.02856663 -0.0447617
   0.00231115]
 ...
 [-0.03816387 -0.01255251  0.03948647 ... -0.08750258  0.01102641
   0.04005717]
 [-0.03698657  0.05647599 -0.00047165 ... -0.016311    0.02638646
  -0.00751314]
 [ 0.0362552   0.02424126  0.01339947 ...  0.02456414  0.00630454
  -0.02917778]]
bidirectional_9/backward_lstm_9/lstm_cell_29/recurrent_kernel:0
(256, 1024)
[[-0.04266416 -0.07130731 -0.07169011 ... -0.02443587 -0.00985476
  -0.01156416]
 [ 0.03018574  0.12424098  0.06968987 ...  0.08403707  0.12682247
   0.03164733]
 [ 0.09727544 -0.02336686  0.03277021 ...  0.04815896 -0.01497329
   0.01700041]
 ...
 [ 0.04333238  0.02088659 -0.02078405 ...  0.08522184  0.11639551
  -0.00718534]
 [ 0.09588924  0.08471628  0.04586802 ...  0.1400258   0.05277122
   0.06477851]
 [ 0.01779825  0.06791534  0.04522807 ...  0.07662649 -0.01762757
  -0.0277666 ]]
bidirectional_9/backward_lstm_9/lstm_cell_29/bias:0
(1024,)
[-0.2764286  -0.3513162  -0.39748332 ... -0.3350474  -0.2653833
 -0.4086746 ]
dense_4/kernel:0
(512, 1)
[[-0.03377618]
 [-0.02701144]
 [-0.03194768]
 [ 0.0299106 ]
 [-0.04228042]
 [-0.02300227]
 [-0.03024495]
 [-0.03620367]
 [ 0.02611569]
 [ 0.03598403]
 [-0.02984879]
 [-0.03883058]
 [-0.02989935]
 [-0.03025657]
 [-0.03313777]
 [ 0.03803097]
 [ 0.02818762]
 [-0.03132747]
 [ 0.03033494]
 [-0.03354413]
 [ 0.03817375]
 [-0.0321031 ]
 [ 0.02867481]
 [ 0.02941895]
 [-0.03960847]
 [ 0.0379773 ]
 [ 0.03325536]
 [-0.02691587]
 [ 0.03475673]
 [ 0.03243244]
 [ 0.0326915 ]
 [-0.03075431]
 [-0.02860649]
 [ 0.03441371]
 [-0.03077243]
 [ 0.03829952]
 [-0.02908553]
 [-0.02636047]
 [-0.02757805]
 [ 0.02875084]
 [-0.03682414]
 [-0.031208  ]
 [-0.03017514]
 [-0.03043705]
 [ 0.03821789]
 [ 0.03091306]
 [-0.03080077]
 [ 0.04091291]
 [ 0.03131214]
 [ 0.03167747]
 [-0.03445067]
 [-0.02676357]
 [ 0.02664447]
 [ 0.02184877]
 [ 0.02800359]
 [ 0.03802177]
 [-0.02891586]
 [ 0.03963354]
 [-0.03530987]
 [ 0.03889262]
 [-0.03909118]
 [-0.03985571]
 [-0.02752342]
 [ 0.02447224]
 [-0.0223512 ]
 [ 0.03280574]
 [-0.02203868]
 [ 0.0285377 ]
 [-0.0430567 ]
 [ 0.03180104]
 [-0.03655868]
 [ 0.03229237]
 [-0.02742993]
 [ 0.02306878]
 [ 0.0364508 ]
 [ 0.0399986 ]
 [-0.04221962]
 [-0.02751085]
 [ 0.03121911]
 [ 0.03394686]
 [-0.03139421]
 [-0.02173547]
 [-0.02828695]
 [-0.0267742 ]
 [ 0.02716297]
 [-0.03493941]
 [-0.02794601]
 [ 0.03944561]
 [ 0.02741034]
 [-0.03689012]
 [-0.02975134]
 [ 0.03291823]
 [ 0.03937277]
 [ 0.02981973]
 [-0.0431992 ]
 [-0.03431136]
 [-0.03138156]
 [-0.02252639]
 [-0.04043835]
 [-0.03429201]
 [-0.03661622]
 [ 0.02588811]
 [-0.02337261]
 [ 0.02943995]
 [-0.02495509]
 [ 0.02779925]
 [ 0.03172418]
 [-0.04491805]
 [ 0.02988114]
 [-0.03921483]
 [-0.03334335]
 [-0.03374657]
 [-0.02888328]
 [-0.0241068 ]
 [-0.03802004]
 [-0.03769507]
 [ 0.02985904]
 [-0.03195596]
 [-0.03848156]
 [-0.03106873]
 [-0.03329593]
 [-0.02833476]
 [-0.03827716]
 [-0.04188496]
 [ 0.03772729]
 [-0.03987692]
 [-0.03005836]
 [ 0.0425303 ]
 [-0.03947706]
 [ 0.0303786 ]
 [-0.01844392]
 [ 0.04231736]
 [ 0.03528212]
 [ 0.02491464]
 [ 0.03580445]
 [ 0.03402317]
 [ 0.03729304]
 [-0.04161417]
 [ 0.03061154]
 [ 0.01938303]
 [ 0.03865125]
 [ 0.03097575]
 [ 0.02607343]
 [-0.02913897]
 [-0.03300088]
 [ 0.02926969]
 [ 0.03310507]
 [ 0.03384271]
 [-0.02745281]
 [-0.03029444]
 [-0.02674721]
 [-0.03883488]
 [ 0.03241543]
 [ 0.03888626]
 [ 0.02574077]
 [-0.03606423]
 [-0.03281891]
 [ 0.0276994 ]
 [ 0.03030371]
 [ 0.03349302]
 [-0.0349292 ]
 [ 0.0259534 ]
 [ 0.0367197 ]
 [ 0.03346904]
 [-0.03954328]
 [ 0.02512046]
 [ 0.03239017]
 [ 0.03955939]
 [ 0.02747462]
 [-0.03366498]
 [-0.02896448]
 [-0.03762097]
 [ 0.03994837]
 [-0.03191786]
 [-0.02943373]
 [-0.033765  ]
 [-0.02983955]
 [-0.0344099 ]
 [-0.03379151]
 [ 0.02065981]
 [-0.03293346]
 [-0.02411829]
 [ 0.0395154 ]
 [-0.02840637]
 [ 0.03165821]
 [ 0.03307499]
 [-0.03948758]
 [ 0.02807952]
 [-0.03607379]
 [-0.02513774]
 [ 0.03265824]
 [ 0.03533389]
 [-0.03921381]
 [ 0.02803093]
 [-0.03725341]
 [ 0.03174684]
 [-0.02909457]
 [ 0.01796498]
 [ 0.03689983]
 [ 0.02802711]
 [-0.02408862]
 [ 0.03675047]
 [ 0.02826802]
 [-0.03386002]
 [-0.04030945]
 [-0.02195697]
 [ 0.02495206]
 [ 0.03265852]
 [ 0.02883692]
 [ 0.03215691]
 [-0.03316557]
 [-0.03681054]
 [-0.03834162]
 [ 0.03295141]
 [ 0.04114198]
 [-0.03822638]
 [ 0.03942274]
 [-0.02662737]
 [-0.02689261]
 [-0.02685152]
 [-0.03681063]
 [-0.03152835]
 [ 0.03470617]
 [ 0.03322807]
 [ 0.02731693]
 [ 0.03912149]
 [-0.03005906]
 [-0.02579835]
 [-0.03029179]
 [-0.03040161]
 [-0.03599647]
 [ 0.03152027]
 [ 0.02090037]
 [-0.02786939]
 [-0.02673314]
 [ 0.0310866 ]
 [ 0.03201203]
 [ 0.01970489]
 [ 0.03044237]
 [-0.0273441 ]
 [-0.03599415]
 [-0.02443525]
 [-0.04415869]
 [-0.03369823]
 [-0.03410899]
 [-0.03075682]
 [-0.02714919]
 [-0.03925195]
 [ 0.04066324]
 [-0.03660931]
 [ 0.02605972]
 [-0.03201212]
 [ 0.03312715]
 [ 0.03266696]
 [ 0.03344584]
 [-0.0259348 ]
 [ 0.01115539]
 [-0.0187168 ]
 [-0.01815754]
 [-0.01711161]
 [-0.01848726]
 [ 0.01622019]
 [-0.01122703]
 [-0.01517796]
 [ 0.02106056]
 [-0.02147473]
 [ 0.02425033]
 [ 0.01322971]
 [-0.01500812]
 [-0.01654976]
 [ 0.01429787]
 [ 0.02105812]
 [ 0.0038273 ]
 [ 0.01472338]
 [-0.01717493]
 [-0.01304963]
 [-0.01257508]
 [-0.01786445]
 [-0.01654382]
 [-0.01883445]
 [-0.00884124]
 [ 0.01422694]
 [-0.02745556]
 [ 0.01583282]
 [-0.00497599]
 [ 0.02246492]
 [ 0.01032544]
 [-0.01158729]
 [ 0.00721127]
 [-0.01335005]
 [ 0.01817141]
 [-0.01279517]
 [-0.01371362]
 [ 0.02787816]
 [-0.01279571]
 [ 0.01310203]
 [-0.01728659]
 [ 0.01759816]
 [-0.01266106]
 [-0.02140751]
 [-0.02049431]
 [ 0.0256219 ]
 [ 0.01788849]
 [ 0.0156487 ]
 [-0.02078203]
 [ 0.01031375]
 [-0.00614969]
 [-0.02427465]
 [ 0.01856256]
 [-0.01676147]
 [-0.01952643]
 [ 0.01727233]
 [-0.01212824]
 [ 0.02037402]
 [ 0.0174736 ]
 [ 0.00595274]
 [-0.01611411]
 [-0.0112182 ]
 [ 0.01025359]
 [ 0.0174546 ]
 [-0.00739485]
 [ 0.01987435]
 [-0.02215495]
 [-0.01906242]
 [-0.02073662]
 [-0.01989983]
 [-0.01545931]
 [ 0.01387202]
 [-0.0242553 ]
 [-0.01327209]
 [-0.01637205]
 [-0.01813685]
 [-0.01694055]
 [ 0.02846197]
 [ 0.00856407]
 [-0.00809074]
 [-0.01165957]
 [ 0.0176771 ]
 [-0.01439377]
 [-0.01467513]
 [-0.0083884 ]
 [-0.01320134]
 [-0.01135672]
 [ 0.010082  ]
 [-0.02009167]
 [-0.02196804]
 [-0.0105389 ]
 [ 0.01432291]
 [ 0.02760998]
 [-0.01577501]
 [-0.01842705]
 [ 0.01676139]
 [-0.01726274]
 [-0.02086537]
 [-0.02511335]
 [ 0.02227592]
 [-0.02296479]
 [ 0.02082978]
 [ 0.015755  ]
 [ 0.0199111 ]
 [ 0.01467955]
 [ 0.01499904]
 [-0.01605118]
 [-0.02086013]
 [ 0.01731976]
 [ 0.01985228]
 [ 0.01222999]
 [-0.01510136]
 [-0.01245714]
 [ 0.01154115]
 [ 0.01946507]
 [ 0.01371025]
 [-0.02182503]
 [ 0.02197195]
 [-0.01926197]
 [ 0.01054616]
 [ 0.01381411]
 [-0.01257831]
 [ 0.00759627]
 [ 0.02034326]
 [ 0.01802524]
 [-0.02604004]
 [ 0.02277558]
 [-0.01877784]
 [-0.0129716 ]
 [ 0.01258072]
 [ 0.0255292 ]
 [ 0.01856106]
 [ 0.01556362]
 [ 0.0224779 ]
 [-0.01600468]
 [-0.00374592]
 [-0.02449841]
 [ 0.01682335]
 [-0.02027366]
 [ 0.01022059]
 [-0.00589641]
 [ 0.01390475]
 [-0.02039655]
 [-0.00548919]
 [ 0.01764679]
 [ 0.02213926]
 [ 0.01415839]
 [-0.00895301]
 [-0.02288215]
 [-0.01590268]
 [-0.02058878]
 [ 0.02127209]
 [ 0.01836732]
 [ 0.00904915]
 [-0.00972921]
 [ 0.01592513]
 [ 0.02711635]
 [-0.0265625 ]
 [ 0.0127062 ]
 [-0.01315646]
 [ 0.03019896]
 [ 0.00918412]
 [ 0.01197485]
 [-0.01607552]
 [-0.01384527]
 [-0.00541317]
 [ 0.01246339]
 [-0.00256691]
 [ 0.0095177 ]
 [-0.02759862]
 [ 0.01342598]
 [ 0.01447657]
 [-0.02898771]
 [-0.01580589]
 [ 0.01309993]
 [-0.02550818]
 [ 0.02632539]
 [-0.02089043]
 [ 0.01867316]
 [ 0.01896769]
 [ 0.01903755]
 [-0.01415716]
 [-0.02083632]
 [ 0.01649954]
 [ 0.01745482]
 [ 0.01871044]
 [-0.01024361]
 [-0.0203821 ]
 [ 0.01572295]
 [-0.02473778]
 [-0.02197042]
 [ 0.01937757]
 [-0.02169196]
 [-0.019083  ]
 [-0.01369786]
 [-0.01341756]
 [ 0.01725535]
 [ 0.02800933]
 [-0.01213543]
 [-0.01527409]
 [ 0.00531234]
 [ 0.01168193]
 [-0.00921358]
 [ 0.0018142 ]
 [ 0.02083954]
 [ 0.02339742]
 [ 0.02065956]
 [ 0.0153316 ]
 [ 0.00923128]
 [-0.02280483]
 [ 0.00810013]
 [-0.00499965]
 [ 0.02737434]
 [ 0.00044958]
 [ 0.02593313]
 [-0.0190913 ]
 [ 0.01273234]
 [ 0.01308226]
 [-0.0274359 ]
 [ 0.0101864 ]
 [-0.01267625]
 [-0.01780305]
 [-0.01227019]
 [ 0.02530831]
 [ 0.01415773]
 [ 0.01450929]
 [ 0.01683044]
 [-0.001277  ]
 [ 0.02239594]
 [-0.01286195]
 [-0.01510534]
 [ 0.01540868]
 [ 0.01251856]
 [ 0.01827533]
 [-0.02150956]
 [ 0.00076093]
 [ 0.01634641]
 [ 0.00813969]
 [-0.02016282]
 [-0.0114726 ]
 [ 0.01521074]
 [ 0.02366487]
 [-0.02196329]
 [-0.00949762]
 [-0.01749329]
 [ 0.01824835]
 [ 0.01242013]
 [-0.02127213]
 [ 0.0232482 ]
 [ 0.0122037 ]
 [ 0.02164386]
 [ 0.0251199 ]
 [-0.01278756]
 [-0.01358388]
 [-0.01328602]
 [ 0.01343756]]
dense_4/bias:0
(1,)
[0.22364883]
