bidirectional_4/forward_lstm_4/lstm_cell_13/kernel:0
(1, 1024)
[[-0.12901574 -0.19072841 -0.258346   ... -0.00589912 -0.12175635
  -0.23521662]]
bidirectional_4/forward_lstm_4/lstm_cell_13/recurrent_kernel:0
(256, 1024)
[[ 0.01561257  0.07134965 -0.07016148 ...  0.0226636  -0.0495482
  -0.02545796]
 [ 0.01308037  0.047699    0.01471245 ... -0.00361475 -0.01672832
   0.05863724]
 [-0.00421367 -0.05862246 -0.0363537  ...  0.04922777  0.02433044
   0.05474316]
 ...
 [-0.03266057 -0.0613143  -0.04601396 ... -0.07663588 -0.04240496
   0.00140151]
 [-0.02778414 -0.00285472 -0.00684631 ... -0.01418528 -0.0410663
  -0.05103204]
 [-0.04904427 -0.01666957 -0.01925221 ...  0.02669252  0.02142772
  -0.08206717]]
bidirectional_4/forward_lstm_4/lstm_cell_13/bias:0
(1024,)
[-0.23583664 -0.15023303 -0.17958741 ... -0.12130827 -0.10294276
 -0.22303988]
bidirectional_4/backward_lstm_4/lstm_cell_14/kernel:0
(1, 1024)
[[0.10091414 0.00630575 0.08950862 ... 0.07088192 0.10157058 0.11855463]]
bidirectional_4/backward_lstm_4/lstm_cell_14/recurrent_kernel:0
(256, 1024)
[[-0.0316025  -0.02211466 -0.02379858 ...  0.02150088 -0.03103571
  -0.0028182 ]
 [ 0.03058321  0.00933469 -0.05032786 ...  0.0600268   0.03064441
  -0.03154117]
 [-0.00718096 -0.0199767   0.02751501 ... -0.00992152 -0.01553911
  -0.03619977]
 ...
 [-0.00643218 -0.03693863 -0.04761483 ...  0.00621888 -0.01473198
  -0.04696755]
 [-0.02635897  0.0278228  -0.00183214 ... -0.01917656  0.01608653
  -0.02992139]
 [-0.0079869  -0.02132397  0.01341611 ...  0.00901963  0.10515914
   0.07087715]]
bidirectional_4/backward_lstm_4/lstm_cell_14/bias:0
(1024,)
[-0.02024404 -0.01789592 -0.0090996  ... -0.02472608 -0.08721923
 -0.05821759]
bidirectional_5/forward_lstm_5/lstm_cell_16/kernel:0
(512, 1024)
[[ 0.02699128  0.03136291  0.06046939 ...  0.12087603  0.07198692
   0.01383729]
 [ 0.0053512  -0.00705347  0.03130943 ... -0.07085234  0.01351473
  -0.01290389]
 [-0.03167147  0.04745366 -0.04038839 ... -0.00203142  0.03749931
   0.03635291]
 ...
 [ 0.03804761 -0.02514188 -0.0502904  ...  0.02635654 -0.08925911
   0.02206677]
 [ 0.04699812 -0.04768466 -0.01793981 ...  0.01669085 -0.00231586
   0.02713635]
 [ 0.00219011 -0.00687893  0.02013107 ... -0.00780392  0.04107279
   0.0228583 ]]
bidirectional_5/forward_lstm_5/lstm_cell_16/recurrent_kernel:0
(256, 1024)
[[ 9.4433077e-02 -1.3830305e-02 -3.6220863e-02 ...  2.2669731e-02
   1.5493773e-03 -2.2845931e-02]
 [-3.0571450e-02 -1.0537648e-01 -2.6514143e-02 ... -9.0264875e-06
   1.5081563e-02  1.4609560e-02]
 [-3.8760379e-02 -2.7572159e-02 -7.3936559e-02 ...  2.6299246e-02
  -6.5529324e-02 -7.6209679e-02]
 ...
 [-1.8957794e-02  7.6984400e-03  2.9605467e-02 ...  2.4832852e-02
  -2.5247261e-02  8.1987418e-02]
 [-5.3457208e-03  8.8102922e-02  1.4266764e-03 ... -2.1176074e-02
   3.4152515e-02 -1.5347047e-02]
 [ 8.4705420e-02  1.8861687e-02  1.9385273e-02 ...  1.3460543e-02
   2.1521291e-02  8.6048879e-02]]
bidirectional_5/forward_lstm_5/lstm_cell_16/bias:0
(1024,)
[-0.16477497 -0.13572283 -0.14299741 ... -0.14932203 -0.12031741
 -0.10191255]
bidirectional_5/backward_lstm_5/lstm_cell_17/kernel:0
(512, 1024)
[[-0.04578732  0.00230666  0.02732994 ... -0.00989762  0.00418318
  -0.04984133]
 [-0.03425564  0.044012   -0.04531954 ...  0.04550986 -0.01250945
   0.01286519]
 [ 0.05276292  0.06868239 -0.00477941 ...  0.00868591 -0.00906692
  -0.03805719]
 ...
 [-0.03079656 -0.01562734  0.05303232 ...  0.00576013  0.01560871
   0.02138358]
 [ 0.04490872  0.00079386  0.02770419 ... -0.03775408 -0.01702069
  -0.0338999 ]
 [-0.04607799 -0.0636094   0.02614379 ... -0.02216051  0.0138436
  -0.02930016]]
bidirectional_5/backward_lstm_5/lstm_cell_17/recurrent_kernel:0
(256, 1024)
[[-0.04288097 -0.05811446 -0.10839779 ... -0.05413808 -0.06953101
   0.01166258]
 [ 0.05245487  0.06899884  0.05735405 ...  0.01481355  0.02446715
   0.02549725]
 [ 0.04395637  0.01489301  0.10855208 ...  0.01485648  0.05458384
   0.00636586]
 ...
 [ 0.00674034  0.05944124  0.00708055 ...  0.07208245  0.07365126
   0.07012127]
 [-0.03282822 -0.01585303 -0.06048069 ... -0.02953353 -0.07866946
  -0.01814266]
 [-0.0610013  -0.01036694 -0.06092536 ... -0.02835679 -0.04055989
  -0.05306049]]
bidirectional_5/backward_lstm_5/lstm_cell_17/bias:0
(1024,)
[-0.21026707 -0.14261004 -0.20617415 ... -0.19516243 -0.10519857
 -0.18929489]
dense_2/kernel:0
(512, 1)
[[-4.53482084e-02]
 [ 3.89480330e-02]
 [ 4.91326340e-02]
 [-6.21512383e-02]
 [ 4.25082110e-02]
 [-4.16343287e-02]
 [-3.06547880e-02]
 [-4.20345329e-02]
 [-5.68645112e-02]
 [ 4.83122841e-02]
 [-5.02736010e-02]
 [-4.45679761e-02]
 [-3.98755036e-02]
 [-5.37326671e-02]
 [ 4.17397060e-02]
 [ 3.12508047e-02]
 [ 4.43027169e-02]
 [-3.32536027e-02]
 [ 4.90574799e-02]
 [-2.56556030e-02]
 [ 4.53636423e-02]
 [ 4.69868258e-02]
 [ 3.86082977e-02]
 [ 3.78616191e-02]
 [ 4.04745638e-02]
 [-5.02958782e-02]
 [ 5.74215017e-02]
 [ 3.98483276e-02]
 [-4.29742634e-02]
 [ 5.51637262e-02]
 [-4.85854186e-02]
 [ 5.88092282e-02]
 [-4.90521602e-02]
 [ 4.28457856e-02]
 [-4.20997515e-02]
 [-4.31801341e-02]
 [-4.60095033e-02]
 [ 5.36140762e-02]
 [ 4.81678210e-02]
 [-5.14857993e-02]
 [-6.40259907e-02]
 [ 3.11959535e-02]
 [ 3.80884595e-02]
 [ 3.91213782e-02]
 [-3.05837803e-02]
 [-3.59603204e-02]
 [-2.32598223e-02]
 [-3.77827473e-02]
 [-3.27252857e-02]
 [ 4.32546027e-02]
 [ 3.50141451e-02]
 [ 4.35900763e-02]
 [ 3.79469730e-02]
 [ 3.49532925e-02]
 [ 3.74923050e-02]
 [ 3.12110502e-02]
 [ 4.35598083e-02]
 [-5.85112199e-02]
 [-5.14624156e-02]
 [ 4.50229831e-02]
 [ 3.10860462e-02]
 [-4.50101346e-02]
 [-5.18917516e-02]
 [ 3.37416455e-02]
 [ 3.91240753e-02]
 [ 4.47729826e-02]
 [ 5.58894537e-02]
 [ 5.06369732e-02]
 [ 4.08507660e-02]
 [-2.90685352e-02]
 [ 4.96493690e-02]
 [-3.37640084e-02]
 [-4.88518588e-02]
 [ 4.84636910e-02]
 [ 4.46196720e-02]
 [-4.21876237e-02]
 [ 3.65194194e-02]
 [ 3.41138989e-02]
 [-4.31937650e-02]
 [ 4.94059213e-02]
 [-5.32551706e-02]
 [ 4.54824008e-02]
 [-3.64781171e-02]
 [ 6.32551536e-02]
 [ 4.19321805e-02]
 [-4.34237719e-02]
 [ 4.88571711e-02]
 [-5.16361073e-02]
 [ 3.44905742e-02]
 [-3.57932337e-02]
 [-3.13510224e-02]
 [-5.13578542e-02]
 [ 4.24814448e-02]
 [ 5.02720363e-02]
 [ 4.54327241e-02]
 [-3.41866612e-02]
 [ 3.86442281e-02]
 [-3.83175761e-02]
 [ 6.23496510e-02]
 [ 5.24185114e-02]
 [-3.00724637e-02]
 [ 6.23274148e-02]
 [ 3.46415155e-02]
 [-5.52771315e-02]
 [-5.57008535e-02]
 [ 5.15950285e-02]
 [ 4.49783579e-02]
 [ 5.15431650e-02]
 [-6.33674860e-02]
 [-4.78750318e-02]
 [ 3.67687382e-02]
 [-3.99237424e-02]
 [-3.44422534e-02]
 [-4.69184741e-02]
 [ 3.72968130e-02]
 [-5.37817068e-02]
 [-3.82515006e-02]
 [-2.36038044e-02]
 [-4.61229011e-02]
 [ 3.49390656e-02]
 [-3.88197564e-02]
 [-5.90078421e-02]
 [ 3.72269861e-02]
 [ 3.65930125e-02]
 [ 4.78328392e-02]
 [-5.07265814e-02]
 [-3.56545597e-02]
 [ 4.67436612e-02]
 [ 5.56644611e-02]
 [ 4.52246033e-02]
 [-5.70615120e-02]
 [-3.59078087e-02]
 [-3.61358188e-02]
 [-4.09752019e-02]
 [ 4.67905141e-02]
 [ 4.97412570e-02]
 [-3.86177041e-02]
 [-4.81048413e-02]
 [ 5.79997078e-02]
 [-4.97449897e-02]
 [ 4.91313301e-02]
 [-4.61126789e-02]
 [-4.18057032e-02]
 [-3.42333838e-02]
 [-2.82783974e-02]
 [ 3.96436751e-02]
 [ 3.64479721e-02]
 [ 5.69180101e-02]
 [-3.77879217e-02]
 [ 3.76941226e-02]
 [-4.15751040e-02]
 [ 3.85388583e-02]
 [-4.60679717e-02]
 [ 3.96004207e-02]
 [-4.53302599e-02]
 [ 5.85811213e-02]
 [ 3.56949829e-02]
 [-4.86270823e-02]
 [-3.17071564e-02]
 [-5.59796281e-02]
 [-4.16811667e-02]
 [-3.60732973e-02]
 [-5.97697757e-02]
 [ 3.40318792e-02]
 [-4.78326343e-02]
 [ 4.35959473e-02]
 [-4.39161584e-02]
 [-3.67130004e-02]
 [-4.65267897e-02]
 [-3.94926555e-02]
 [-5.22650555e-02]
 [ 3.73952910e-02]
 [-3.37258689e-02]
 [-6.03921972e-02]
 [ 2.59920526e-02]
 [-5.17681874e-02]
 [-5.79636693e-02]
 [-3.72946300e-02]
 [ 2.92557124e-02]
 [-5.75596355e-02]
 [ 4.89911325e-02]
 [-3.76257598e-02]
 [ 3.30723524e-02]
 [ 4.16513309e-02]
 [-3.66595276e-02]
 [-4.93337587e-02]
 [ 4.71929274e-02]
 [-3.39822322e-02]
 [-4.59971763e-02]
 [ 4.13518921e-02]
 [-4.93519865e-02]
 [ 3.70376632e-02]
 [ 4.55423854e-02]
 [-4.59885560e-02]
 [-3.46088111e-02]
 [ 4.89741601e-02]
 [-5.40646538e-02]
 [ 3.00801042e-02]
 [-4.52848040e-02]
 [ 4.31615114e-02]
 [-3.82039137e-02]
 [ 3.53450179e-02]
 [-4.06323448e-02]
 [-2.83403955e-02]
 [ 3.86445411e-02]
 [ 3.63967866e-02]
 [-5.38793094e-02]
 [-4.44044843e-02]
 [ 4.28540073e-02]
 [-4.23102751e-02]
 [ 3.83499898e-02]
 [-4.33791913e-02]
 [ 3.27084623e-02]
 [ 5.88396378e-02]
 [-4.84413058e-02]
 [ 3.12088951e-02]
 [-4.76928428e-02]
 [-4.50562723e-02]
 [ 5.23339920e-02]
 [-4.61235121e-02]
 [ 3.07980236e-02]
 [-5.38199134e-02]
 [ 3.24542001e-02]
 [-4.11530659e-02]
 [-5.99981286e-02]
 [-3.61009166e-02]
 [-3.04488316e-02]
 [-3.00361551e-02]
 [ 4.99349236e-02]
 [ 3.53601910e-02]
 [ 3.86609286e-02]
 [-4.25693318e-02]
 [-4.96968031e-02]
 [ 3.22957523e-02]
 [ 3.89411077e-02]
 [-3.35407853e-02]
 [ 3.60639729e-02]
 [ 6.44065812e-02]
 [ 5.16520813e-02]
 [-5.57529554e-02]
 [-3.56364213e-02]
 [-3.85922976e-02]
 [ 3.98108065e-02]
 [-5.22808619e-02]
 [-4.33438979e-02]
 [-3.62386666e-02]
 [-4.35291491e-02]
 [ 5.23802154e-02]
 [ 5.50458841e-02]
 [ 3.90205830e-02]
 [ 4.57885601e-02]
 [-4.12646942e-02]
 [-4.16789129e-02]
 [-3.18064913e-02]
 [-3.58826630e-02]
 [-4.56922539e-02]
 [ 2.04938240e-02]
 [-2.05791276e-02]
 [-2.29677409e-02]
 [-1.92857031e-02]
 [ 1.08858673e-02]
 [ 1.61620397e-02]
 [-3.20890918e-04]
 [ 1.14217680e-02]
 [ 1.55318426e-02]
 [-2.03790739e-02]
 [ 2.81868801e-02]
 [ 4.87737730e-03]
 [ 2.36748159e-02]
 [ 1.78753827e-02]
 [-1.31705375e-02]
 [ 9.78671364e-04]
 [ 2.21571070e-03]
 [ 1.06805013e-02]
 [ 1.89736709e-02]
 [-1.74788907e-02]
 [-1.41871357e-02]
 [ 1.99940410e-02]
 [-5.19787008e-03]
 [-1.51855191e-02]
 [ 8.76329187e-03]
 [-6.79155532e-03]
 [-2.27757338e-02]
 [ 9.65556782e-03]
 [ 1.20315747e-02]
 [-1.64513309e-02]
 [ 4.72605322e-03]
 [-1.19082993e-02]
 [-2.87297126e-02]
 [ 1.44108245e-02]
 [-1.54327499e-02]
 [ 6.16314681e-03]
 [ 2.75753401e-02]
 [-1.22783873e-02]
 [-2.72152070e-02]
 [-1.36125050e-02]
 [ 1.17451383e-03]
 [ 2.05020402e-02]
 [-1.62699092e-02]
 [-1.47337075e-02]
 [ 7.67792761e-03]
 [ 3.90425348e-03]
 [ 1.55059267e-02]
 [ 2.52419151e-02]
 [-1.84660144e-02]
 [-8.74755066e-03]
 [-1.62847657e-02]
 [-1.29510919e-02]
 [ 1.58208087e-02]
 [-2.72497423e-02]
 [ 1.59422997e-02]
 [-1.25737879e-02]
 [-1.36671197e-02]
 [ 1.00228777e-02]
 [ 1.66661758e-02]
 [-1.77812297e-02]
 [ 2.54199113e-05]
 [ 8.96925945e-03]
 [-1.47340978e-02]
 [-3.47697828e-03]
 [-1.73352305e-02]
 [ 3.54211917e-03]
 [ 1.12145860e-02]
 [-1.61492508e-02]
 [-2.05745362e-02]
 [ 2.05730554e-02]
 [ 2.07213080e-03]
 [ 1.28311291e-02]
 [ 2.41411962e-02]
 [-2.39031389e-03]
 [ 1.25333043e-02]
 [ 1.20605603e-02]
 [ 1.55630764e-02]
 [-1.83899570e-02]
 [ 6.17056899e-03]
 [ 2.01170798e-02]
 [ 6.20751688e-03]
 [ 5.15260501e-03]
 [ 2.83542797e-02]
 [-2.05989443e-02]
 [ 4.21799114e-03]
 [ 8.86672456e-03]
 [-1.52423894e-02]
 [ 1.75191388e-02]
 [ 1.22132422e-02]
 [ 2.73526739e-02]
 [-2.05603614e-02]
 [ 3.28960419e-02]
 [ 1.02599403e-02]
 [ 1.65055562e-02]
 [ 2.23415233e-02]
 [-5.23806596e-03]
 [ 9.63856094e-03]
 [ 2.10665446e-02]
 [-1.36329075e-02]
 [ 1.47668449e-02]
 [-1.51348356e-02]
 [ 1.12390611e-02]
 [-1.54343080e-02]
 [-2.13930383e-02]
 [-1.63424052e-02]
 [-1.12600876e-02]
 [-1.20677613e-02]
 [ 1.02172624e-02]
 [-1.47221601e-02]
 [ 2.00922713e-02]
 [ 7.79217947e-03]
 [ 1.02425963e-02]
 [-2.56233588e-02]
 [-1.28385471e-02]
 [-2.48302072e-02]
 [ 1.39442086e-02]
 [ 2.26094611e-02]
 [-1.07983062e-02]
 [-1.05362060e-02]
 [ 8.43418576e-03]
 [ 1.79508459e-02]
 [ 1.19389286e-02]
 [ 2.51727551e-02]
 [ 1.29458783e-02]
 [ 2.81725470e-02]
 [-7.99954776e-03]
 [ 2.82278750e-02]
 [ 1.56008871e-02]
 [-2.43047103e-02]
 [ 1.40318964e-02]
 [-6.79032411e-03]
 [-1.81150455e-02]
 [ 1.63932703e-02]
 [-1.61800459e-02]
 [-4.49315039e-03]
 [ 1.95866562e-02]
 [-1.70733389e-02]
 [ 7.25322589e-03]
 [-1.65157523e-02]
 [ 1.88476313e-02]
 [-1.03611499e-02]
 [ 1.57147050e-02]
 [-1.79370046e-02]
 [-2.17422377e-02]
 [-6.38285559e-03]
 [ 8.42833705e-03]
 [ 1.75045300e-02]
 [ 1.69994682e-02]
 [-9.27701872e-03]
 [ 1.32478150e-02]
 [-1.04007553e-02]
 [ 2.16617547e-02]
 [-9.84403770e-03]
 [-1.37394462e-02]
 [-1.43710151e-02]
 [-1.71263479e-02]
 [ 1.54743083e-02]
 [ 1.39390845e-02]
 [ 1.13868853e-02]
 [-1.87326521e-02]
 [-1.99826863e-02]
 [-1.74677297e-02]
 [-1.32990805e-02]
 [-1.77374464e-02]
 [ 1.24397874e-02]
 [ 2.15287376e-02]
 [-7.16715073e-03]
 [ 1.33635588e-02]
 [ 6.81513129e-03]
 [-3.74658819e-04]
 [ 1.02498699e-02]
 [-1.81356389e-02]
 [-1.08034620e-02]
 [ 4.34286753e-03]
 [-1.48587506e-02]
 [ 2.50352975e-02]
 [ 1.81371029e-02]
 [ 2.04354543e-02]
 [-1.58812888e-02]
 [ 6.29967684e-03]
 [ 2.07074918e-02]
 [ 1.01518733e-02]
 [-1.41300317e-02]
 [ 1.80318300e-02]
 [ 6.15239190e-03]
 [ 1.53157592e-03]
 [ 2.68502664e-02]
 [-1.63518563e-02]
 [ 1.34361535e-02]
 [ 1.22098345e-02]
 [ 9.90290288e-03]
 [-1.95860043e-02]
 [-3.66422385e-02]
 [-1.87148266e-02]
 [-1.80638619e-02]
 [-1.18296631e-02]
 [-1.38847902e-02]
 [ 2.57286374e-02]
 [ 1.98285244e-02]
 [ 5.30103268e-03]
 [-1.40378280e-02]
 [ 1.35177858e-02]
 [-1.17532602e-02]
 [ 9.06095188e-03]
 [ 1.97987575e-02]
 [ 1.47693548e-02]
 [ 2.43303869e-02]
 [ 1.16954846e-02]
 [ 1.73892379e-02]
 [-2.96777096e-02]
 [-1.80359073e-02]
 [-1.21243391e-02]
 [ 4.28003445e-03]
 [ 1.72143523e-02]
 [-1.51217682e-02]
 [ 1.98770352e-02]
 [ 1.58156529e-02]
 [ 1.15159499e-02]
 [-1.18904412e-02]
 [ 9.10443999e-03]
 [ 8.43899511e-03]
 [ 1.36148902e-02]
 [ 1.92638468e-02]
 [ 1.59167629e-02]
 [ 2.01579370e-02]
 [-1.01138968e-02]
 [-1.26415296e-02]
 [ 1.90390777e-02]
 [-1.37335164e-02]
 [-2.26743263e-03]
 [ 1.55586516e-03]
 [-1.74423177e-02]
 [ 7.07500242e-03]
 [-1.69382077e-02]
 [-9.86633450e-03]
 [-2.44977346e-05]
 [-2.49788295e-02]
 [ 1.51040666e-02]
 [-3.09239477e-02]
 [-2.04040576e-02]
 [-1.59908254e-02]
 [ 5.48878452e-03]
 [-1.48613630e-02]
 [-1.84540935e-02]
 [ 2.39196569e-02]
 [-9.90129542e-03]
 [-9.81630944e-03]
 [ 9.64530371e-03]
 [-1.90376509e-02]
 [ 1.40958279e-02]
 [ 2.68252799e-03]
 [-1.57233328e-02]
 [ 1.55639313e-02]
 [-2.33773366e-02]
 [ 3.01955752e-02]
 [ 1.03707900e-02]]
dense_2/bias:0
(1,)
[0.21781497]
