bidirectional/forward_lstm/lstm_cell_1/kernel:0
(1, 1024)
[[ 0.05028978  0.06636149 -0.01077044 ...  0.04388103 -0.03450356
  -0.07669214]]
bidirectional/forward_lstm/lstm_cell_1/recurrent_kernel:0
(256, 1024)
[[-0.01267482 -0.02070273  0.07493792 ... -0.01340016  0.03775034
   0.00850735]
 [ 0.00568138  0.04772725 -0.00613737 ... -0.00664404  0.01669922
   0.02684224]
 [-0.00629318 -0.01023261  0.02627032 ... -0.01453278  0.01256484
  -0.0364923 ]
 ...
 [-0.02789873  0.00577622 -0.00122293 ...  0.00548981 -0.04397318
   0.0411072 ]
 [-0.00976043  0.07841918 -0.00144471 ... -0.01721018  0.00444159
  -0.01435972]
 [-0.08328971  0.0226732   0.02951065 ... -0.04206667 -0.06586327
  -0.01392966]]
bidirectional/forward_lstm/lstm_cell_1/bias:0
(1024,)
[ 0.00151775 -0.00724066  0.00261212 ... -0.00730792 -0.01032473
 -0.00617978]
bidirectional/backward_lstm/lstm_cell_2/kernel:0
(1, 1024)
[[-6.0763341e-05 -9.5210606e-03 -4.4152018e-02 ...  5.3797908e-02
   1.0607636e-02  1.9290900e-02]]
bidirectional/backward_lstm/lstm_cell_2/recurrent_kernel:0
(256, 1024)
[[-0.03765091 -0.01946877 -0.03060524 ...  0.01502751  0.00683923
  -0.02327215]
 [-0.02401489 -0.0216277  -0.05815024 ... -0.0241896  -0.0104854
   0.0278237 ]
 [ 0.00404643  0.01461761 -0.01946547 ...  0.0119112   0.02416394
  -0.02991853]
 ...
 [-0.02508277 -0.01506479  0.01080774 ...  0.02710203 -0.06203375
   0.00274668]
 [ 0.03138895  0.10670993  0.01445951 ...  0.00673758  0.01334728
   0.00444389]
 [-0.01964773 -0.00171513 -0.03869396 ... -0.02710893  0.04528919
  -0.01608886]]
bidirectional/backward_lstm/lstm_cell_2/bias:0
(1024,)
[-0.00809014 -0.0016507  -0.00795993 ... -0.00200385 -0.01185209
  0.00094332]
bidirectional_1/forward_lstm_1/lstm_cell_4/kernel:0
(512, 1024)
[[-0.04473705  0.05454183  0.03811252 ...  0.02797647 -0.0376848
   0.00687758]
 [ 0.05099732  0.05718487 -0.00655875 ... -0.06307496  0.05199787
   0.05167807]
 [ 0.00622764 -0.06386047  0.04713915 ...  0.01757048 -0.02953864
  -0.03765221]
 ...
 [-0.01525292  0.01025944  0.01091639 ...  0.02754273  0.03177584
  -0.00982606]
 [ 0.01941927  0.05859692  0.0166402  ...  0.01991947 -0.012084
   0.05743075]
 [-0.01951171  0.00909006 -0.05314603 ...  0.03085799 -0.05416158
  -0.06072383]]
bidirectional_1/forward_lstm_1/lstm_cell_4/recurrent_kernel:0
(256, 1024)
[[-0.00363072  0.03429473  0.02824817 ...  0.02494105 -0.01011135
  -0.00415232]
 [ 0.01855891  0.04441176 -0.04304897 ...  0.00929297  0.00048465
   0.0185762 ]
 [-0.01788065 -0.03705376  0.03202429 ... -0.03621985 -0.01558507
   0.06354722]
 ...
 [ 0.01549632  0.0673874   0.05316029 ... -0.00899656  0.00490215
   0.00666755]
 [ 0.00498727 -0.03325276 -0.03477953 ... -0.04649037 -0.02008297
   0.00768431]
 [ 0.02225013  0.01106701 -0.03390572 ...  0.01307821  0.02120117
   0.03495831]]
bidirectional_1/forward_lstm_1/lstm_cell_4/bias:0
(1024,)
[-0.00110331 -0.00446289 -0.00902835 ... -0.00376148 -0.00716763
 -0.01057453]
bidirectional_1/backward_lstm_1/lstm_cell_5/kernel:0
(512, 1024)
[[-0.03225604  0.01312626  0.0113643  ... -0.05420168  0.01633238
   0.02525611]
 [-0.06245865 -0.04446055 -0.00227465 ...  0.03881072 -0.03847728
  -0.00158453]
 [-0.01439588 -0.05078116 -0.03699141 ... -0.02331135 -0.06314261
  -0.01838242]
 ...
 [ 0.04669422  0.04928564 -0.01054632 ...  0.05662687  0.05009827
  -0.01571276]
 [-0.05091398 -0.02510844  0.0312808  ...  0.03913363  0.05098211
  -0.03106654]
 [-0.01015879 -0.04493055 -0.04068393 ... -0.02385922  0.04477328
   0.04860239]]
bidirectional_1/backward_lstm_1/lstm_cell_5/recurrent_kernel:0
(256, 1024)
[[-0.03869977  0.00371971  0.06065797 ... -0.00110091  0.01586316
   0.01797694]
 [-0.03462373  0.05246842 -0.00620059 ...  0.01572287  0.02202693
  -0.0099426 ]
 [-0.02315361 -0.02169282  0.00689191 ... -0.01070853  0.00849989
  -0.03534653]
 ...
 [-0.02924406 -0.03543089 -0.01214404 ...  0.0071514  -0.06081925
   0.01191901]
 [-0.01254318 -0.01038203 -0.02020278 ...  0.01671534 -0.00494783
  -0.02801343]
 [ 0.0120684  -0.03199944 -0.01572614 ... -0.0050106  -0.03323983
  -0.02440492]]
bidirectional_1/backward_lstm_1/lstm_cell_5/bias:0
(1024,)
[-0.00548595 -0.00429125 -0.00637194 ... -0.00424125 -0.00807407
  0.00111026]
dense/kernel:0
(512, 1)
[[-0.0948495 ]
 [-0.0718052 ]
 [ 0.06416125]
 [-0.01698575]
 [ 0.03249263]
 [-0.0886464 ]
 [-0.10145879]
 [-0.07382555]
 [ 0.09702374]
 [ 0.09365277]
 [-0.07720923]
 [-0.03626677]
 [ 0.10206494]
 [-0.06078942]
 [-0.10033536]
 [ 0.03270813]
 [ 0.01153282]
 [ 0.06051485]
 [ 0.00252849]
 [ 0.07913522]
 [ 0.01569873]
 [ 0.03390517]
 [ 0.05559037]
 [-0.07021597]
 [-0.01948751]
 [ 0.01879762]
 [-0.03252586]
 [-0.09795885]
 [ 0.09151519]
 [ 0.00803209]
 [ 0.06557142]
 [ 0.08277351]
 [ 0.0924378 ]
 [-0.09860151]
 [-0.07458672]
 [ 0.05943359]
 [-0.09916567]
 [ 0.03671966]
 [ 0.03378619]
 [ 0.02345273]
 [ 0.00883038]
 [-0.05180163]
 [ 0.03228077]
 [-0.00981016]
 [ 0.049144  ]
 [-0.09136944]
 [-0.08299892]
 [ 0.02541315]
 [-0.06679862]
 [-0.0569104 ]
 [-0.00439926]
 [-0.09357403]
 [ 0.07358348]
 [ 0.02131702]
 [ 0.07913594]
 [ 0.10437209]
 [ 0.00447177]
 [ 0.05044522]
 [-0.08292175]
 [-0.00341531]
 [ 0.01309616]
 [-0.07658643]
 [ 0.04543643]
 [ 0.03632787]
 [-0.03730669]
 [-0.0499635 ]
 [ 0.03370295]
 [-0.08196658]
 [-0.047187  ]
 [-0.06643121]
 [-0.04596126]
 [-0.08494936]
 [ 0.05314927]
 [ 0.08013328]
 [ 0.01180817]
 [-0.05646162]
 [ 0.04395124]
 [-0.01112557]
 [ 0.0182048 ]
 [ 0.08520208]
 [-0.06361354]
 [-0.05976899]
 [ 0.02593307]
 [ 0.05214533]
 [-0.07853673]
 [-0.02720628]
 [ 0.01538697]
 [-0.04575363]
 [ 0.03477858]
 [ 0.04467502]
 [-0.04972231]
 [-0.03063908]
 [-0.09614323]
 [-0.04583713]
 [ 0.08115736]
 [-0.08014511]
 [ 0.01553919]
 [ 0.00676142]
 [ 0.03491317]
 [ 0.06197187]
 [ 0.07753671]
 [-0.08058009]
 [ 0.07717048]
 [ 0.07173166]
 [ 0.05929678]
 [-0.05401137]
 [-0.04884296]
 [-0.00583525]
 [ 0.03835179]
 [-0.03093084]
 [-0.09502613]
 [ 0.0919517 ]
 [-0.07193238]
 [ 0.10131494]
 [-0.08489823]
 [ 0.0389505 ]
 [-0.00803848]
 [ 0.03794201]
 [ 0.04318371]
 [-0.02448798]
 [ 0.03181323]
 [ 0.0145932 ]
 [ 0.09831925]
 [-0.04348601]
 [-0.08517166]
 [-0.09632989]
 [ 0.05559659]
 [-0.03410072]
 [-0.06458272]
 [ 0.0076934 ]
 [-0.02970377]
 [ 0.07075661]
 [ 0.02249887]
 [-0.07867485]
 [-0.0645188 ]
 [ 0.08091699]
 [-0.03695096]
 [-0.10874265]
 [ 0.01078534]
 [-0.04679738]
 [-0.08582571]
 [-0.09382922]
 [ 0.0299717 ]
 [-0.05639641]
 [-0.06494748]
 [-0.00484021]
 [ 0.02853161]
 [ 0.02076795]
 [ 0.00955089]
 [-0.03818081]
 [ 0.07347932]
 [ 0.0351883 ]
 [ 0.0470639 ]
 [ 0.08178958]
 [ 0.03914601]
 [-0.09866977]
 [-0.06285889]
 [-0.01294048]
 [ 0.0091792 ]
 [ 0.02947338]
 [-0.03430602]
 [ 0.05910096]
 [-0.01010184]
 [ 0.06411067]
 [ 0.04977019]
 [ 0.01291809]
 [ 0.06820199]
 [-0.02001535]
 [ 0.08039296]
 [ 0.0555566 ]
 [-0.06998382]
 [ 0.04379107]
 [-0.01872488]
 [-0.06370001]
 [-0.10160787]
 [ 0.02608749]
 [ 0.04065703]
 [-0.06735896]
 [ 0.00411585]
 [ 0.05742075]
 [ 0.06767116]
 [-0.09008529]
 [ 0.01966727]
 [-0.00527439]
 [ 0.02419233]
 [-0.05078648]
 [-0.03518584]
 [-0.03386351]
 [ 0.02404069]
 [ 0.00746373]
 [ 0.08005568]
 [ 0.05807689]
 [-0.08934856]
 [ 0.01311545]
 [ 0.00587762]
 [-0.08229349]
 [ 0.08337158]
 [-0.04051331]
 [-0.02960844]
 [ 0.04775593]
 [ 0.00116942]
 [ 0.05145719]
 [-0.02073359]
 [ 0.09915121]
 [-0.03933287]
 [ 0.07472381]
 [ 0.01134703]
 [ 0.05286602]
 [ 0.00938632]
 [-0.01329694]
 [ 0.00446284]
 [ 0.03808222]
 [ 0.09552352]
 [ 0.00794591]
 [-0.03665414]
 [-0.06631085]
 [-0.06723568]
 [ 0.08186679]
 [-0.04247086]
 [ 0.03389982]
 [ 0.05134691]
 [-0.01177304]
 [ 0.05461643]
 [ 0.08157659]
 [-0.05473767]
 [-0.07873749]
 [ 0.05794006]
 [-0.05732028]
 [ 0.0401603 ]
 [-0.0937735 ]
 [-0.01672056]
 [ 0.0311669 ]
 [ 0.0790858 ]
 [ 0.01361871]
 [ 0.03305601]
 [ 0.02344035]
 [-0.07257465]
 [ 0.09055188]
 [-0.03361174]
 [ 0.0902696 ]
 [-0.0647772 ]
 [-0.0471476 ]
 [-0.07443862]
 [ 0.06476558]
 [-0.00637046]
 [-0.04365237]
 [ 0.08079137]
 [ 0.07588805]
 [ 0.05203657]
 [-0.01383581]
 [ 0.04431374]
 [-0.02146501]
 [ 0.01757171]
 [-0.0457718 ]
 [ 0.06872015]
 [ 0.0012611 ]
 [-0.01762632]
 [-0.10361474]
 [-0.10250736]
 [-0.08395085]
 [ 0.07742833]
 [-0.04620935]
 [ 0.08778451]
 [ 0.08853427]
 [-0.0601807 ]
 [ 0.08575486]
 [-0.06038822]
 [-0.0443926 ]
 [-0.07691811]
 [ 0.05095758]
 [ 0.09857205]
 [-0.07819197]
 [-0.0171976 ]
 [ 0.06218047]
 [-0.0701547 ]
 [ 0.01250583]
 [ 0.07437285]
 [ 0.01776319]
 [ 0.10881436]
 [ 0.08632964]
 [ 0.07052622]
 [ 0.0671915 ]
 [-0.07930361]
 [ 0.02637338]
 [-0.03775369]
 [-0.10150111]
 [ 0.06588996]
 [ 0.04409826]
 [ 0.08987565]
 [-0.04192395]
 [-0.07220127]
 [ 0.09302848]
 [ 0.00954111]
 [ 0.09710885]
 [ 0.09238297]
 [-0.10819786]
 [-0.07410032]
 [ 0.00970234]
 [ 0.05607847]
 [-0.05150527]
 [ 0.0752202 ]
 [ 0.01078775]
 [-0.07558931]
 [-0.03843845]
 [-0.0966588 ]
 [ 0.06641623]
 [-0.03552977]
 [-0.01240317]
 [ 0.09477385]
 [-0.10330316]
 [-0.0835567 ]
 [-0.07868542]
 [ 0.03446129]
 [-0.0477893 ]
 [ 0.08121666]
 [ 0.06602844]
 [ 0.0448647 ]
 [ 0.00472725]
 [ 0.04563184]
 [ 0.06164005]
 [-0.00701588]
 [-0.04846219]
 [ 0.04669541]
 [ 0.05849409]
 [ 0.04850409]
 [ 0.05584571]
 [-0.09916539]
 [-0.07510968]
 [-0.09692026]
 [-0.0759678 ]
 [-0.08753898]
 [ 0.05030731]
 [-0.08516284]
 [-0.08011863]
 [-0.02278839]
 [-0.04254385]
 [ 0.0858041 ]
 [-0.098566  ]
 [-0.0976945 ]
 [-0.0805785 ]
 [ 0.07593523]
 [-0.04386185]
 [ 0.03474525]
 [-0.0798997 ]
 [ 0.04425056]
 [-0.00300512]
 [ 0.04958359]
 [-0.09311689]
 [ 0.04189809]
 [-0.024468  ]
 [-0.04964992]
 [-0.04379081]
 [-0.06483737]
 [ 0.00388686]
 [-0.07172051]
 [ 0.01674688]
 [ 0.06170423]
 [ 0.01825945]
 [-0.08056802]
 [ 0.01209138]
 [-0.10053409]
 [ 0.00680809]
 [ 0.05798025]
 [-0.04505601]
 [ 0.0619835 ]
 [-0.09625708]
 [ 0.08022352]
 [ 0.08528506]
 [ 0.01442669]
 [-0.00020521]
 [ 0.01382994]
 [ 0.0013099 ]
 [-0.09680499]
 [-0.06639574]
 [ 0.04307443]
 [-0.09935313]
 [ 0.07118241]
 [ 0.04668459]
 [ 0.07757136]
 [ 0.0763063 ]
 [ 0.01518371]
 [-0.05491664]
 [ 0.04962159]
 [ 0.01358855]
 [-0.03588504]
 [ 0.02781931]
 [-0.00063078]
 [-0.02230902]
 [ 0.06389657]
 [-0.07042695]
 [ 0.06511359]
 [-0.06569193]
 [ 0.04636818]
 [-0.03550799]
 [ 0.03445826]
 [-0.03025539]
 [-0.01524842]
 [-0.06396165]
 [ 0.09537616]
 [-0.10189479]
 [-0.00104409]
 [ 0.06029131]
 [ 0.01948824]
 [ 0.03155129]
 [-0.08663148]
 [ 0.02501294]
 [-0.04072288]
 [-0.10096879]
 [ 0.07582948]
 [ 0.09366935]
 [-0.0488454 ]
 [ 0.05696562]
 [ 0.04990783]
 [-0.04025831]
 [ 0.02248069]
 [-0.0156141 ]
 [-0.04337372]
 [ 0.00793642]
 [ 0.09052513]
 [-0.00675007]
 [ 0.00817359]
 [ 0.02169817]
 [ 0.09853198]
 [-0.00379678]
 [ 0.0045384 ]
 [ 0.03550571]
 [-0.09325934]
 [-0.01093555]
 [ 0.08648802]
 [-0.08221482]
 [-0.02018717]
 [ 0.05427154]
 [ 0.025945  ]
 [ 0.06255101]
 [ 0.03977122]
 [-0.09310649]
 [-0.09073383]
 [ 0.0945776 ]
 [ 0.01976669]
 [-0.06737807]
 [ 0.08108281]
 [ 0.00459517]
 [-0.0552195 ]
 [-0.06500246]
 [ 0.04690527]
 [-0.00427984]
 [-0.09087502]
 [ 0.03067885]
 [ 0.1048085 ]
 [-0.0022637 ]
 [-0.04442687]
 [-0.08267565]
 [-0.06025495]
 [-0.01515431]
 [ 0.0298314 ]
 [-0.0907856 ]
 [-0.06351897]
 [ 0.08340175]
 [-0.01644352]
 [-0.00403413]
 [ 0.06519729]
 [-0.07813   ]
 [ 0.09672917]
 [-0.01779965]
 [ 0.07660607]
 [-0.04026423]
 [-0.06035349]
 [-0.08359477]
 [-0.09061355]
 [ 0.03677302]
 [-0.08040547]
 [ 0.04571443]
 [-0.05824552]
 [ 0.02695117]
 [ 0.03193416]
 [-0.01943814]
 [-0.03218953]
 [-0.0889753 ]
 [ 0.00195294]
 [ 0.08708183]
 [ 0.00968704]
 [ 0.00786621]
 [ 0.04645752]
 [-0.03865993]
 [-0.0619316 ]
 [-0.00381301]
 [ 0.07504045]
 [ 0.07642215]
 [ 0.03655989]
 [ 0.04467172]
 [-0.07211345]
 [-0.10593607]
 [ 0.07482936]
 [ 0.02375876]
 [ 0.07311637]
 [-0.01601443]
 [-0.05317064]
 [-0.05122282]
 [ 0.08807321]
 [-0.06172002]
 [-0.00192981]
 [ 0.05877292]
 [ 0.02736934]
 [-0.04869324]
 [-0.10119073]
 [ 0.04233905]
 [ 0.02427544]
 [-0.10176628]
 [ 0.04016947]
 [-0.05670297]
 [ 0.02374019]
 [ 0.07433516]]
dense/bias:0
(1,)
[0.00454612]
