bidirectional_2/forward_lstm_2/lstm_cell_7/kernel:0
(1, 1024)
[[-0.05123266  0.0436817   0.00901337 ... -0.07160236 -0.16601498
  -0.07000756]]
bidirectional_2/forward_lstm_2/lstm_cell_7/recurrent_kernel:0
(256, 1024)
[[-0.01601999 -0.01871844  0.05617395 ...  0.0055872  -0.05121823
   0.02767259]
 [ 0.01098023 -0.01751944 -0.00811866 ... -0.02332124 -0.00383258
  -0.0111857 ]
 [ 0.00101136 -0.00864615 -0.00048364 ... -0.07778222 -0.02280205
   0.01559565]
 ...
 [ 0.03099786 -0.03853198 -0.06011574 ...  0.01733165 -0.02268478
  -0.03028634]
 [-0.01512262  0.11061498 -0.02696682 ...  0.01853829  0.03876233
   0.00211563]
 [ 0.00328288  0.00931302  0.00271633 ...  0.0078499  -0.00391721
   0.04119397]]
bidirectional_2/forward_lstm_2/lstm_cell_7/bias:0
(1024,)
[-0.07650363 -0.02824381 -0.11475592 ... -0.07314035 -0.0905993
 -0.06388104]
bidirectional_2/backward_lstm_2/lstm_cell_8/kernel:0
(1, 1024)
[[ 0.07486168 -0.07572392  0.12806349 ... -0.02116164  0.08894733
  -0.01895704]]
bidirectional_2/backward_lstm_2/lstm_cell_8/recurrent_kernel:0
(256, 1024)
[[-2.7560366e-02  1.3015973e-02 -1.3207303e-01 ... -4.3073978e-02
  -5.8300998e-02 -5.4093715e-02]
 [ 5.5393619e-03  5.7572494e-03  7.5574862e-03 ... -2.5895979e-02
   4.4517860e-02  2.5986988e-02]
 [-1.1273857e-03  3.7910216e-02 -4.7239538e-02 ... -4.9951784e-02
  -3.0467855e-02 -7.3163523e-03]
 ...
 [-9.0072162e-02  3.4158926e-02  1.7926533e-02 ...  1.9050505e-02
   2.6704628e-02  4.2506941e-02]
 [-2.4173381e-02  3.7614943e-03  7.0993900e-02 ...  3.2158468e-02
   1.6794058e-02 -2.3503784e-02]
 [ 1.3531564e-02  1.0066188e-04 -6.4944185e-02 ... -2.7635932e-02
  -1.8606328e-03  1.1722008e-02]]
bidirectional_2/backward_lstm_2/lstm_cell_8/bias:0
(1024,)
[-0.00258226 -0.1163569  -0.00697995 ... -0.01276134 -0.00289697
 -0.00928886]
bidirectional_3/forward_lstm_3/lstm_cell_10/kernel:0
(512, 1024)
[[ 0.05273276 -0.04018001  0.01877823 ...  0.01124134  0.00916119
  -0.04015967]
 [-0.03052912 -0.02541576  0.03017432 ...  0.05290393 -0.06796802
   0.07023315]
 [ 0.02273467  0.01330899  0.0277411  ...  0.00909918 -0.02758917
  -0.01270641]
 ...
 [-0.02637862 -0.04076121  0.02798901 ... -0.06047578 -0.03545638
  -0.0309517 ]
 [-0.05641158  0.01284721  0.06069184 ... -0.00890396 -0.0136516
  -0.01230667]
 [ 0.02598828  0.00569188  0.02039394 ... -0.00921504  0.04955761
   0.01937075]]
bidirectional_3/forward_lstm_3/lstm_cell_10/recurrent_kernel:0
(256, 1024)
[[-0.07396489 -0.01286561 -0.05229546 ...  0.01929076 -0.01366604
   0.01502504]
 [ 0.01788806 -0.0015403  -0.03926763 ... -0.0009967  -0.00248895
  -0.00381984]
 [ 0.04948365 -0.01930962  0.05939689 ...  0.03142383 -0.05158187
   0.04825098]
 ...
 [-0.02014702 -0.01201931 -0.02488649 ...  0.06927758  0.07957377
   0.01384111]
 [ 0.06170101 -0.05583378  0.01991042 ...  0.0241599   0.00175395
   0.02120907]
 [-0.02529152  0.00076139  0.02954398 ... -0.02739458 -0.00096191
  -0.03374698]]
bidirectional_3/forward_lstm_3/lstm_cell_10/bias:0
(1024,)
[-0.06919362 -0.04296694 -0.05775973 ... -0.06980588 -0.05271512
 -0.09764032]
bidirectional_3/backward_lstm_3/lstm_cell_11/kernel:0
(512, 1024)
[[ 0.04187047  0.0101763   0.0133571  ... -0.03733783 -0.03194645
   0.03504632]
 [-0.03339685 -0.00545579  0.04216873 ...  0.01090059  0.07166903
  -0.03904351]
 [-0.08201895  0.04966281 -0.01435867 ... -0.00076454 -0.03423132
   0.02195759]
 ...
 [-0.05459756  0.01956315 -0.03166404 ... -0.05313435 -0.01774072
   0.02553426]
 [ 0.0033048  -0.03614371 -0.01365395 ... -0.0620854  -0.00415855
  -0.06220768]
 [ 0.06602643  0.04456476  0.04456789 ...  0.07020125  0.03823284
  -0.03634193]]
bidirectional_3/backward_lstm_3/lstm_cell_11/recurrent_kernel:0
(256, 1024)
[[ 0.01323615  0.02603401 -0.03986772 ... -0.00807515  0.05561328
   0.01273502]
 [-0.05908405 -0.08740985 -0.02187293 ... -0.03165341 -0.01255164
  -0.01883596]
 [-0.034136   -0.00414566 -0.07611377 ... -0.03214019  0.00419952
   0.00508467]
 ...
 [ 0.04087841  0.01879605  0.02525205 ...  0.02300403 -0.0150672
   0.06782219]
 [ 0.01144723 -0.05735351 -0.01685062 ... -0.03686082  0.05648946
  -0.02438988]
 [-0.03030826 -0.08103015 -0.08363675 ... -0.06874578 -0.05040867
  -0.00598097]]
bidirectional_3/backward_lstm_3/lstm_cell_11/bias:0
(1024,)
[-0.07375489 -0.11353831 -0.02124074 ... -0.08864623 -0.06163133
 -0.07652576]
dense_1/kernel:0
(512, 1)
[[ 0.07068063]
 [ 0.08707514]
 [-0.0631295 ]
 [-0.06139968]
 [-0.06961218]
 [ 0.07087259]
 [-0.04485513]
 [ 0.03753589]
 [ 0.03232754]
 [-0.05135489]
 [ 0.04933824]
 [ 0.07286905]
 [-0.05349725]
 [ 0.03722609]
 [-0.0755708 ]
 [-0.07220355]
 [-0.05965631]
 [ 0.06644037]
 [ 0.06086878]
 [ 0.04100626]
 [ 0.05154368]
 [-0.04523888]
 [ 0.06558833]
 [-0.04656066]
 [ 0.04886871]
 [ 0.04945648]
 [-0.06184157]
 [-0.039226  ]
 [-0.04423263]
 [-0.04873611]
 [ 0.04197292]
 [ 0.03691496]
 [-0.0368581 ]
 [-0.04735602]
 [ 0.0673572 ]
 [ 0.05662801]
 [ 0.04832652]
 [ 0.05801475]
 [-0.05518872]
 [-0.05421717]
 [-0.0409308 ]
 [ 0.04277612]
 [-0.07484846]
 [-0.08610699]
 [ 0.07782818]
 [ 0.0425059 ]
 [ 0.04753238]
 [-0.05354578]
 [-0.04878484]
 [-0.0551022 ]
 [ 0.04011941]
 [-0.08008561]
 [-0.0428456 ]
 [ 0.0476075 ]
 [ 0.06576241]
 [-0.07438754]
 [-0.04552855]
 [ 0.05849857]
 [-0.07117993]
 [-0.07983673]
 [ 0.06838521]
 [-0.07225737]
 [-0.06986715]
 [ 0.05008433]
 [-0.05329834]
 [-0.06428891]
 [-0.04426757]
 [ 0.05755534]
 [ 0.0732869 ]
 [ 0.07535461]
 [ 0.04287105]
 [-0.04097741]
 [-0.06698234]
 [-0.07097331]
 [-0.06940039]
 [-0.0525196 ]
 [-0.07075275]
 [ 0.04351775]
 [-0.05202708]
 [-0.05169461]
 [-0.07298285]
 [-0.03984764]
 [-0.06884767]
 [ 0.04831264]
 [-0.06013398]
 [-0.06929993]
 [ 0.07485274]
 [ 0.04371365]
 [-0.06908253]
 [ 0.05304255]
 [-0.07884204]
 [ 0.04584277]
 [ 0.04882713]
 [-0.05891303]
 [ 0.05387118]
 [-0.05730632]
 [ 0.05252839]
 [-0.06357635]
 [ 0.06246395]
 [-0.05740854]
 [ 0.04482272]
 [-0.04163336]
 [-0.03160733]
 [ 0.05673949]
 [ 0.06444278]
 [-0.06006798]
 [ 0.07057039]
 [ 0.07649656]
 [ 0.08417672]
 [ 0.04036428]
 [-0.04795373]
 [-0.05515341]
 [ 0.05817584]
 [-0.04532388]
 [ 0.06691391]
 [ 0.06338435]
 [-0.07625096]
 [ 0.05891248]
 [ 0.03787536]
 [ 0.05259407]
 [-0.04813975]
 [-0.05546699]
 [ 0.06362778]
 [-0.04937752]
 [-0.04111724]
 [ 0.0735795 ]
 [ 0.04358058]
 [-0.04573438]
 [ 0.02740377]
 [ 0.03118573]
 [ 0.06422185]
 [ 0.05303928]
 [ 0.04739483]
 [-0.08588159]
 [ 0.05878718]
 [ 0.07890157]
 [ 0.04710786]
 [ 0.05826417]
 [-0.07604018]
 [-0.06874172]
 [ 0.05935137]
 [ 0.05636503]
 [ 0.0457875 ]
 [-0.07806715]
 [-0.03818751]
 [ 0.0669601 ]
 [-0.0423755 ]
 [-0.04761106]
 [ 0.06855737]
 [ 0.03493755]
 [ 0.06406138]
 [ 0.06412023]
 [ 0.06939979]
 [ 0.05519253]
 [-0.03916583]
 [ 0.04073825]
 [-0.03654324]
 [ 0.06959937]
 [ 0.04508229]
 [ 0.0672401 ]
 [-0.07524557]
 [-0.08567194]
 [ 0.04097556]
 [-0.03675862]
 [-0.07471129]
 [ 0.04818422]
 [ 0.07018167]
 [-0.04041825]
 [ 0.05330642]
 [ 0.03436378]
 [-0.06345721]
 [ 0.03667562]
 [ 0.06660594]
 [ 0.05002826]
 [-0.04377425]
 [-0.03009503]
 [-0.05508907]
 [-0.07058197]
 [ 0.06034113]
 [ 0.05499464]
 [ 0.05919554]
 [ 0.06197624]
 [ 0.07286175]
 [-0.07327915]
 [ 0.04670573]
 [-0.0685515 ]
 [ 0.06313376]
 [-0.06085743]
 [ 0.07745425]
 [-0.06717236]
 [ 0.0709002 ]
 [ 0.06771018]
 [-0.04099423]
 [-0.04481721]
 [-0.06218273]
 [ 0.05682227]
 [-0.0721915 ]
 [-0.04303304]
 [ 0.063717  ]
 [ 0.06830972]
 [ 0.07567375]
 [ 0.05687336]
 [ 0.04212466]
 [ 0.05635087]
 [ 0.07215871]
 [-0.0614922 ]
 [ 0.0517585 ]
 [ 0.05795431]
 [ 0.05118744]
 [ 0.06468789]
 [ 0.04398747]
 [-0.04261276]
 [ 0.05907385]
 [-0.03790079]
 [-0.07041525]
 [ 0.04344367]
 [ 0.06092298]
 [ 0.0405276 ]
 [-0.06938871]
 [ 0.04197304]
 [ 0.05654941]
 [-0.06390592]
 [ 0.05566925]
 [ 0.04772121]
 [ 0.03453743]
 [ 0.06171894]
 [-0.04596602]
 [-0.03729736]
 [-0.04685506]
 [ 0.04548116]
 [-0.03278814]
 [ 0.07835677]
 [-0.04799642]
 [-0.06573293]
 [-0.08040036]
 [ 0.07979734]
 [-0.05022829]
 [ 0.04915061]
 [ 0.09015859]
 [-0.03138433]
 [-0.0545439 ]
 [-0.07854427]
 [-0.07694487]
 [ 0.06299587]
 [-0.04909117]
 [ 0.03964948]
 [ 0.06009222]
 [-0.05312941]
 [ 0.05469653]
 [ 0.05394632]
 [ 0.04112536]
 [ 0.04661255]
 [-0.07017209]
 [-0.06928464]
 [-0.06496736]
 [ 0.05181988]
 [-0.03502134]
 [ 0.03024569]
 [ 0.02556909]
 [ 0.01955633]
 [ 0.03068383]
 [-0.01760622]
 [ 0.01402697]
 [-0.01117703]
 [ 0.00973434]
 [ 0.02366906]
 [ 0.00918093]
 [-0.00555681]
 [ 0.03186326]
 [ 0.02840985]
 [-0.01357794]
 [ 0.01750633]
 [-0.01740865]
 [ 0.0274624 ]
 [-0.02031249]
 [-0.0320371 ]
 [-0.01851204]
 [ 0.03266019]
 [ 0.03134636]
 [ 0.02558521]
 [-0.02916098]
 [ 0.02229353]
 [-0.01899375]
 [ 0.02849293]
 [ 0.03373402]
 [-0.01344229]
 [-0.02423911]
 [-0.02657144]
 [-0.03228755]
 [-0.02706826]
 [ 0.00958717]
 [-0.01109799]
 [ 0.02570242]
 [ 0.03770899]
 [ 0.02845939]
 [ 0.02606049]
 [-0.037278  ]
 [-0.02129888]
 [ 0.02492347]
 [ 0.02028923]
 [-0.04173521]
 [ 0.01455194]
 [-0.0309564 ]
 [-0.02871955]
 [ 0.01937725]
 [-0.01563546]
 [-0.04619672]
 [-0.04135402]
 [ 0.02020777]
 [ 0.02482321]
 [-0.02568234]
 [ 0.01140201]
 [ 0.00962932]
 [-0.01819981]
 [ 0.01453422]
 [-0.04613253]
 [ 0.02353001]
 [ 0.02884882]
 [ 0.02355847]
 [ 0.03037095]
 [-0.01353827]
 [-0.02206975]
 [ 0.03093299]
 [ 0.02770125]
 [ 0.02257746]
 [-0.02209286]
 [ 0.01286695]
 [-0.03005814]
 [-0.03073062]
 [ 0.02586392]
 [-0.02738922]
 [ 0.04110483]
 [ 0.01254542]
 [ 0.02342265]
 [-0.02710804]
 [-0.01405916]
 [-0.01348347]
 [ 0.03918483]
 [ 0.02126454]
 [ 0.02215073]
 [-0.03467872]
 [ 0.03064501]
 [-0.02191886]
 [ 0.0207061 ]
 [-0.02739616]
 [-0.02566491]
 [ 0.02785972]
 [-0.0347837 ]
 [ 0.03582611]
 [-0.03474012]
 [-0.00989896]
 [-0.01537235]
 [ 0.03130506]
 [ 0.03585628]
 [ 0.01224947]
 [-0.01245328]
 [-0.02029903]
 [-0.01545938]
 [ 0.02416523]
 [ 0.04222278]
 [ 0.02245002]
 [-0.02920231]
 [-0.02417618]
 [-0.02733002]
 [-0.009063  ]
 [-0.03239415]
 [-0.01933081]
 [-0.0234751 ]
 [-0.03244829]
 [-0.01103036]
 [ 0.02092983]
 [ 0.02963467]
 [-0.01862548]
 [-0.02961663]
 [-0.03597286]
 [ 0.01558327]
 [-0.03009861]
 [ 0.01182125]
 [ 0.02003822]
 [-0.03273635]
 [ 0.01814286]
 [-0.02541248]
 [-0.01450147]
 [-0.02758203]
 [-0.03395581]
 [ 0.03339883]
 [ 0.01687938]
 [ 0.01677582]
 [-0.00762737]
 [-0.00991386]
 [-0.03848642]
 [-0.02349405]
 [-0.02955109]
 [-0.01471045]
 [-0.02844451]
 [ 0.0047005 ]
 [-0.0186825 ]
 [ 0.01863172]
 [-0.01889722]
 [-0.02579687]
 [ 0.03112319]
 [ 0.02522475]
 [-0.02707228]
 [ 0.03760082]
 [ 0.02174754]
 [ 0.0247445 ]
 [ 0.0173213 ]
 [ 0.01001062]
 [-0.02208408]
 [ 0.02028031]
 [ 0.02850069]
 [ 0.02737791]
 [-0.01409322]
 [-0.01694268]
 [ 0.03412905]
 [-0.02366532]
 [ 0.00693164]
 [ 0.02875661]
 [ 0.02749281]
 [ 0.01496765]
 [ 0.01316293]
 [ 0.0304356 ]
 [-0.0322484 ]
 [ 0.00162697]
 [ 0.01501769]
 [ 0.02675426]
 [ 0.02688465]
 [-0.03517643]
 [-0.01571633]
 [-0.03958799]
 [-0.01815379]
 [ 0.04002326]
 [-0.02395355]
 [ 0.0144636 ]
 [ 0.03629696]
 [-0.0174219 ]
 [-0.03067643]
 [ 0.04393744]
 [-0.01677567]
 [-0.01859348]
 [ 0.02943932]
 [-0.03491968]
 [-0.01240862]
 [-0.0301759 ]
 [ 0.03015079]
 [-0.02342288]
 [-0.0154719 ]
 [ 0.01141516]
 [ 0.04344681]
 [-0.02194703]
 [ 0.03607688]
 [-0.02984549]
 [ 0.03998701]
 [-0.02952036]
 [-0.00821257]
 [-0.03510064]
 [-0.02156118]
 [-0.01534401]
 [ 0.01322642]
 [-0.02064816]
 [ 0.02512072]
 [-0.00216845]
 [ 0.03603071]
 [ 0.04718197]
 [-0.01695888]
 [-0.00759898]
 [-0.03613517]
 [-0.00806669]
 [ 0.02183708]
 [ 0.00638845]
 [ 0.02894151]
 [ 0.03952743]
 [-0.02649598]
 [-0.02494306]
 [ 0.03617218]
 [ 0.02113722]
 [ 0.02189478]
 [ 0.01161386]
 [-0.03032934]
 [-0.03560811]
 [ 0.02284825]
 [-0.01996383]
 [ 0.02418098]
 [-0.01368293]
 [-0.04391204]
 [ 0.03128747]
 [-0.01099696]
 [ 0.00841339]
 [ 0.0207605 ]
 [-0.01743643]
 [ 0.01960927]
 [-0.01807913]
 [ 0.02323615]
 [ 0.0216515 ]
 [-0.03534922]
 [-0.01810733]
 [-0.00960994]
 [-0.01774521]
 [ 0.02012542]
 [ 0.01386061]
 [ 0.01870096]
 [-0.03595778]
 [ 0.01203279]
 [-0.02365283]
 [ 0.04078724]
 [ 0.00570431]
 [ 0.0136747 ]
 [ 0.0163394 ]
 [ 0.04488504]
 [-0.01408208]
 [ 0.01158761]
 [ 0.02067582]]
dense_1/bias:0
(1,)
[0.16829878]
